9.6616e+00
9.6621e+00
9.6626e+00
9.6631e+00
9.6635e+00
9.6640e+00
9.6645e+00
9.6650e+00
9.6654e+00
9.6659e+00
9.6664e+00
9.6669e+00
9.6673e+00
9.6678e+00
9.6683e+00
9.6688e+00
9.6692e+00
9.6697e+00
9.6702e+00
9.6707e+00
9.6711e+00
9.6716e+00
9.6721e+00
9.6726e+00
9.6730e+00
9.6735e+00
9.6740e+00
9.6745e+00
9.6749e+00
9.6754e+00
9.6759e+00
9.6764e+00
9.6768e+00
9.6773e+00
9.6778e+00
9.6783e+00
9.6788e+00
9.6792e+00
9.6797e+00
9.6802e+00
9.6807e+00
9.6811e+00
9.6816e+00
9.6821e+00
9.6826e+00
9.6830e+00
9.6835e+00
9.6840e+00
9.6845e+00
9.6849e+00
9.6854e+00
9.6859e+00
9.6864e+00
9.6868e+00
9.6873e+00
9.6878e+00
9.6883e+00
9.6887e+00
9.6892e+00
9.6897e+00
9.6902e+00
9.6906e+00
9.6911e+00
9.6916e+00
9.6921e+00
9.6926e+00
9.6930e+00
9.6935e+00
9.6940e+00
9.6945e+00
9.6949e+00
9.6954e+00
9.6959e+00
9.6964e+00
9.6968e+00
9.6973e+00
9.6978e+00
9.6983e+00
9.6987e+00
9.6992e+00
9.6997e+00
9.7002e+00
9.7006e+00
9.7011e+00
9.7016e+00
9.7021e+00
9.7026e+00
9.7030e+00
9.7035e+00
9.7040e+00
9.7045e+00
9.7049e+00
9.7054e+00
9.7059e+00
9.7064e+00
9.7068e+00
9.7073e+00
9.7078e+00
9.7083e+00
9.7087e+00
9.7157e+00
9.7204e+00
9.7252e+00
9.7300e+00
9.7347e+00
9.7395e+00
9.7443e+00
9.7490e+00
9.7538e+00
9.7586e+00
9.7633e+00
9.7681e+00
9.7729e+00
9.7777e+00
9.7824e+00
9.7872e+00
9.7920e+00
9.7968e+00
9.8016e+00
9.8063e+00
9.8111e+00
9.8159e+00
9.8207e+00
9.8255e+00
9.8303e+00
9.8350e+00
9.8398e+00
9.8446e+00
9.8494e+00
9.8542e+00
9.8590e+00
9.8638e+00
9.8686e+00
9.8734e+00
9.8782e+00
9.8830e+00
9.8878e+00
9.8926e+00
9.8974e+00
9.9022e+00
9.9070e+00
9.9118e+00
9.9166e+00
9.9214e+00
9.9262e+00
9.9310e+00
9.9358e+00
9.9406e+00
9.9454e+00
9.9502e+00
9.9550e+00
9.9598e+00
9.9646e+00
9.9694e+00
9.9742e+00
9.9790e+00
9.9839e+00
9.9887e+00
9.9935e+00
9.9983e+00
1.0003e+01
1.0008e+01
1.0013e+01
1.0018e+01
1.0022e+01
1.0027e+01
1.0032e+01
1.0037e+01
1.0042e+01
1.0047e+01
1.0051e+01
1.0056e+01
1.0061e+01
1.0066e+01
1.0071e+01
1.0075e+01
1.0080e+01
1.0085e+01
1.0090e+01
1.0095e+01
1.0100e+01
1.0104e+01
1.0109e+01
1.0114e+01
1.0119e+01
1.0124e+01
1.0129e+01
1.0134e+01
1.0138e+01
1.0143e+01
1.0214e+01
1.0262e+01
1.0311e+01
1.0360e+01
1.0408e+01
1.0457e+01
1.0506e+01
1.0556e+01
1.0605e+01
1.0654e+01
1.0703e+01
1.0753e+01
1.0802e+01
1.0852e+01
1.0902e+01
1.0952e+01
1.1001e+01
1.1051e+01
1.1101e+01
1.1152e+01
1.1202e+01
1.1252e+01
1.1302e+01
1.1353e+01
1.1404e+01
1.1454e+01
1.1505e+01
1.1556e+01
1.1607e+01
1.1658e+01
1.1709e+01
1.1760e+01
1.1811e+01
1.1862e+01
1.1914e+01
1.1965e+01
1.2017e+01
1.2068e+01
1.2120e+01
1.2172e+01
1.2224e+01
1.2276e+01
1.2328e+01
1.2380e+01
1.2432e+01
1.2484e+01
1.2537e+01
1.2589e+01
1.2642e+01
1.2694e+01
1.2747e+01
1.2800e+01
1.2853e+01
1.2906e+01
1.2959e+01
1.3012e+01
1.3065e+01
1.3118e+01
1.3172e+01
1.3225e+01
1.3279e+01
1.3332e+01
1.3386e+01
1.3440e+01
1.3494e+01
1.3547e+01
1.3601e+01
1.3655e+01
1.3710e+01
1.3764e+01
1.3818e+01
1.3873e+01
1.3927e+01
1.3982e+01
1.4036e+01
1.4091e+01
1.4146e+01
1.4200e+01
1.4255e+01
1.4310e+01
1.4365e+01
1.4421e+01
1.4476e+01
1.4531e+01
1.4587e+01
1.4642e+01
1.4698e+01
1.4753e+01
1.4809e+01
1.5117e+01
1.5682e+01
1.6255e+01
1.6835e+01
1.7423e+01
1.8017e+01
1.8619e+01
1.9228e+01
1.9843e+01
2.0466e+01
2.1095e+01
2.1730e+01
2.2372e+01
2.3020e+01
2.3675e+01
2.4336e+01
2.5002e+01
2.5675e+01
2.6353e+01
2.7038e+01
2.7727e+01
2.8423e+01
2.9124e+01
2.9830e+01
3.0541e+01
3.1258e+01
3.1980e+01
3.2707e+01
3.3438e+01
3.4175e+01
3.4916e+01
3.5662e+01
3.6412e+01
3.7167e+01
3.7927e+01
3.8690e+01
3.9458e+01
4.0230e+01
4.1006e+01
4.1786e+01
4.2570e+01
4.3357e+01
4.4149e+01
4.4944e+01
4.5742e+01
4.6544e+01
4.7350e+01
4.8159e+01
4.8971e+01
4.9786e+01
5.0604e+01
5.1426e+01
5.2250e+01
5.3077e+01
5.3907e+01
5.4740e+01
5.5576e+01
5.6414e+01
5.7254e+01
5.8098e+01
5.8943e+01
5.9791e+01
6.0641e+01
6.1494e+01
6.2348e+01
6.3205e+01
6.4063e+01
6.4924e+01
6.5786e+01
6.6650e+01
6.7516e+01
6.8384e+01
6.9253e+01
7.0124e+01
7.0996e+01
7.1870e+01
7.2745e+01
7.3622e+01
7.4500e+01
7.5379e+01
7.6259e+01
7.7141e+01
7.8023e+01
7.8907e+01
7.9791e+01
8.0676e+01
8.1563e+01
8.2450e+01
8.3337e+01
8.4226e+01
8.5115e+01
9.8049e+01
1.0697e+02
1.1584e+02
1.2464e+02
1.3332e+02
1.4186e+02
1.5024e+02
1.5844e+02
1.6645e+02
1.7425e+02
1.8182e+02
1.8918e+02
1.9630e+02
2.0320e+02
2.0986e+02
2.1628e+02
2.2249e+02
2.2846e+02
2.3422e+02
2.3977e+02
2.4511e+02
2.5027e+02
2.5523e+02
2.6002e+02
2.6464e+02
2.6911e+02
2.7344e+02
2.7763e+02
2.8169e+02
2.8565e+02
2.8949e+02
2.9325e+02
2.9692e+02
3.0051e+02
3.0403e+02
3.0749e+02
3.1089e+02
3.1425e+02
3.1756e+02
3.2083e+02
3.2407e+02
3.2727e+02
3.3044e+02
3.3358e+02
3.3669e+02
3.3976e+02
3.4281e+02
3.4582e+02
3.4879e+02
3.5172e+02
3.5461e+02
3.5744e+02
3.6022e+02
3.6294e+02
3.6560e+02
3.6818e+02
3.7068e+02
3.7310e+02
3.7542e+02
3.7765e+02
3.7977e+02
3.8178e+02
3.8368e+02
3.8546e+02
3.8712e+02
3.8865e+02
3.9006e+02
3.9134e+02
3.9249e+02
3.9353e+02
3.9445e+02
3.9527e+02
3.9598e+02
3.9661e+02
3.9716e+02
3.9767e+02
3.9814e+02
3.9860e+02
3.9908e+02
3.9962e+02
4.0024e+02
4.0100e+02
4.0192e+02
4.0308e+02
4.0452e+02
4.0630e+02
4.0849e+02
4.1117e+02
4.1442e+02
4.1831e+02
4.2296e+02
