1e-05 1.0500000000000001e-05 20.43634
1.1000000000000001e-05 1.1500000000000002e-05 20.43634
1.2000000000000002e-05 1.2500000000000002e-05 20.43634
1.3000000000000003e-05 1.3500000000000003e-05 20.43634
1.4000000000000003e-05 1.4500000000000003e-05 20.43634
1.5000000000000004e-05 1.5500000000000004e-05 20.43634
1.6000000000000003e-05 1.65e-05 20.43634
1.7000000000000003e-05 1.7500000000000002e-05 20.43634
1.8000000000000004e-05 1.8500000000000002e-05 20.43634
1.9000000000000004e-05 1.9500000000000003e-05 20.43634
2e-05 2.15e-05 20.43634
2.3000000000000003e-05 2.4500000000000003e-05 20.43634
2.6000000000000002e-05 2.75e-05 20.43634
2.9e-05 3.05e-05 20.43634
3.2e-05 3.35e-05 20.43634
3.5e-05 3.65e-05 20.43634
3.7999999999999995e-05 3.95e-05 20.43634
4.0999999999999994e-05 4.2499999999999996e-05 20.43634
4.399999999999999e-05 4.5499999999999995e-05 20.43634
4.699999999999999e-05 4.849999999999999e-05 20.43634
4.999999999999999e-05 5.149999999999999e-05 20.43634
5e-05 5.25e-05 20.43634
5.5e-05 5.75e-05 20.436339
6e-05 6.25e-05 20.436338000000003
6.500000000000001e-05 6.750000000000001e-05 20.436337
7.000000000000001e-05 7.250000000000001e-05 20.436336
7.500000000000001e-05 7.750000000000001e-05 20.436335
8e-05 8.250000000000001e-05 20.436334000000002
8.5e-05 8.750000000000001e-05 20.436333
9e-05 9.250000000000001e-05 20.436332
9.5e-05 9.750000000000001e-05 20.436331000000003
0.0001 0.000105 20.43633
0.00011 0.000115 20.43633
0.00012 0.000125 20.43633
0.00013000000000000002 0.00013500000000000003 20.43633
0.00014000000000000001 0.00014500000000000003 20.43633
0.00015000000000000001 0.00015500000000000003 20.43633
0.00016 0.00016500000000000003 20.43633
0.00017 0.00017500000000000003 20.43633
0.00018 0.00018500000000000002 20.43633
0.00019 0.00019500000000000002 20.43633
0.0002 0.00021500000000000002 20.43633
0.00023 0.000245 20.43633
0.00026000000000000003 0.000275 20.43633
0.00029000000000000006 0.00030500000000000004 20.43633
0.0003200000000000001 0.00033500000000000007 20.43633
0.0003500000000000001 0.0003650000000000001 20.43633
0.00038000000000000013 0.0003950000000000001 20.43633
0.00041000000000000015 0.00042500000000000014 20.43633
0.0004400000000000002 0.00045500000000000016 20.43633
0.0004700000000000002 0.0004850000000000002 20.43633
0.0005 0.000525 20.43633
0.00055 0.000575 20.43633
0.0006000000000000001 0.000625 20.43633
0.0006500000000000001 0.000675 20.43633
0.0007000000000000001 0.0007250000000000001 20.43633
0.0007500000000000001 0.0007750000000000001 20.43633
0.0008000000000000001 0.0008250000000000001 20.43633
0.0008500000000000002 0.0008750000000000001 20.43633
0.0009000000000000002 0.0009250000000000001 20.43633
0.0009500000000000002 0.0009750000000000002 20.43633
0.001 0.00105 20.43633
0.0011 0.00115 20.43633
0.0012000000000000001 0.00125 20.43633
0.0013000000000000002 0.00135 20.43633
0.0014000000000000002 0.0014500000000000001 20.43633
0.0015000000000000002 0.0015500000000000002 20.43633
0.0016000000000000003 0.0016500000000000002 20.43633
0.0017000000000000003 0.0017500000000000003 20.43633
0.0018000000000000004 0.0018500000000000003 20.43633
0.0019000000000000004 0.0019500000000000003 20.43633
0.002 0.00215 20.43633
0.0023 0.00245 20.43633
0.0026 0.00275 20.43633
0.0029 0.0030499999999999998 20.43633
0.0031999999999999997 0.0033499999999999997 20.43633
0.0034999999999999996 0.0036499999999999996 20.43633
0.0037999999999999996 0.0039499999999999995 20.43633
0.0040999999999999995 0.0042499999999999994 20.43633
0.004399999999999999 0.004549999999999999 20.43633
0.004699999999999999 0.004849999999999999 20.43633
0.004999999999999999 0.005149999999999999 20.43633
0.005 0.00525 20.43633
0.0055 0.00575 20.43633
0.006 0.00625 20.43633
0.006500000000000001 0.006750000000000001 20.43633
0.007000000000000001 0.007250000000000001 20.43633
0.0075000000000000015 0.007750000000000002 20.43633
0.008000000000000002 0.008250000000000002 20.43633
0.008500000000000002 0.008750000000000003 20.43633
0.009000000000000003 0.009250000000000003 20.43633
0.009500000000000003 0.009750000000000003 20.43633
0.01 0.010765 20.43633
0.01153 0.012295 20.43633
0.01306 0.013825 20.43633
0.01459 0.015355 20.43633
0.01612 0.016884999999999997 20.43633
0.01765 0.018414999999999997 20.43633
0.01918 0.019944999999999997 20.43633
0.02071 0.021474999999999998 20.43633
0.02224 0.023004999999999998 20.43633
0.02377 0.024534999999999998 20.43633
0.0253 0.026535 20.43633
0.02777 0.029005 20.43633
0.03024 0.031475 20.43633
0.03271 0.033945 20.43633
0.03518 0.036415 20.43633
0.03765 0.038885 20.43633
0.04012 0.041355 20.43633
0.04259 0.043825 20.43633
0.04506 0.046295 20.43633
0.04753 0.048765 20.43633
0.05 0.052500000000000005 20.43633
0.055 0.0575 20.436329
0.06 0.0625 20.436328
0.065 0.0675 20.436327000000002
0.07 0.07250000000000001 20.436326
0.07500000000000001 0.07750000000000001 20.436325
0.08000000000000002 0.08250000000000002 20.436324
0.08500000000000002 0.08750000000000002 20.436322999999998
0.09000000000000002 0.09250000000000003 20.436322
0.09500000000000003 0.09750000000000003 20.436321
0.1 0.10500000000000001 20.43632
0.11 0.115 20.436318999999997
0.12 0.125 20.436318
0.13 0.135 20.436317
0.14 0.14500000000000002 20.436315999999998
0.15000000000000002 0.15500000000000003 20.436314999999997
0.16000000000000003 0.16500000000000004 20.436314
0.17000000000000004 0.17500000000000004 20.436313
0.18000000000000005 0.18500000000000005 20.436311999999997
0.19000000000000006 0.19500000000000006 20.436311
0.2 0.21500000000000002 20.43631
0.23 0.245 20.436306
0.26 0.275 20.436301999999998
0.29000000000000004 0.30500000000000005 20.436298
0.32000000000000006 0.3350000000000001 20.436294
0.3500000000000001 0.3650000000000001 20.43629
0.3800000000000001 0.39500000000000013 20.436286
0.41000000000000014 0.42500000000000016 20.436282
0.44000000000000017 0.4550000000000002 20.436278
0.4700000000000002 0.4850000000000002 20.436274
0.5 0.525 20.43627
0.55 0.5750000000000001 20.436263
0.6000000000000001 0.6250000000000001 20.436256
0.6500000000000001 0.6750000000000002 20.436249
0.7000000000000002 0.7250000000000002 20.436242
0.7500000000000002 0.7750000000000002 20.436235
0.8000000000000003 0.8250000000000003 20.436228
0.8500000000000003 0.8750000000000003 20.436221
0.9000000000000004 0.9250000000000004 20.436214
0.9500000000000004 0.9750000000000004 20.436207
1.0 1.05 20.4362
1.1 1.1500000000000001 20.436186
1.2000000000000002 1.2500000000000002 20.436172
1.3000000000000003 1.3500000000000003 20.436158
1.4000000000000004 1.4500000000000004 20.436144
1.5000000000000004 1.5500000000000005 20.43613
1.6000000000000005 1.6500000000000006 20.436116000000002
1.7000000000000006 1.7500000000000007 20.436102
1.8000000000000007 1.8500000000000008 20.436088
1.9000000000000008 1.9500000000000008 20.436074
2.0 2.15 20.43606
2.3 2.4499999999999997 20.436020000000003
2.5999999999999996 2.7499999999999996 20.43598
2.8999999999999995 3.0499999999999994 20.435940000000002
3.1999999999999993 3.349999999999999 20.4359
3.499999999999999 3.649999999999999 20.43586
3.799999999999999 3.949999999999999 20.43582
4.099999999999999 4.249999999999999 20.43578
4.399999999999999 4.549999999999999 20.43574
4.699999999999998 4.849999999999999 20.4357
4.999999999999998 5.149999999999999 20.43566
5.0 5.25 20.43566
5.5 5.75 20.435592999999997
6.0 6.25 20.435526
6.5 6.75 20.435458999999998
7.0 7.25 20.435392
7.5 7.75 20.435325
8.0 8.25 20.435257999999997
8.5 8.75 20.435191
9.0 9.25 20.435124
9.5 9.75 20.435057
10.0 10.5 20.43499
11.0 11.5 20.434855
12.0 12.5 20.43472
13.0 13.5 20.434585
14.0 14.5 20.43445
15.0 15.5 20.434314999999998
16.0 16.5 20.43418
17.0 17.5 20.434045
18.0 18.5 20.43391
19.0 19.5 20.433775
20.0 21.5 20.43364
23.0 24.5 20.433236
26.0 27.5 20.432832
29.0 30.5 20.432428
32.0 33.5 20.432024000000002
35.0 36.5 20.431620000000002
38.0 39.5 20.431216
41.0 42.5 20.430812
44.0 45.5 20.430408
47.0 48.5 20.430004
50.0 52.5 20.4296
55.0 57.5 20.428928
60.0 62.5 20.428256
65.0 67.5 20.427584
70.0 72.5 20.426912
75.0 77.5 20.42624
80.0 82.5 20.425568
85.0 87.5 20.424896
90.0 92.5 20.424224
95.0 97.5 20.423552
100.0 105.0 20.42288
110.0 115.0 20.421536
120.0 125.0 20.420192
130.0 135.0 20.418848
140.0 145.0 20.417504
150.0 155.0 20.416159999999998
160.0 165.0 20.414816
170.0 175.0 20.413472
180.0 185.0 20.412128
190.0 195.0 20.410784
200.0 215.0 20.40944
230.0 245.0 20.405422
260.0 275.0 20.401404
290.0 305.0 20.397386
320.0 335.0 20.393368
350.0 365.0 20.38935
380.0 395.0 20.385332000000002
410.0 425.0 20.381314
440.0 455.0 20.377296
470.0 485.0 20.373278
500.0 525.0 20.36926
550.0 575.0 20.362603
600.0 625.0 20.355946
650.0 675.0 20.349289
700.0 725.0 20.342632
750.0 775.0 20.335974999999998
800.0 825.0 20.329318
850.0 875.0 20.322661
900.0 925.0 20.316004
950.0 975.0 20.309347
1000.0 1050.0 20.30269
1100.0 1150.0 20.289526
1200.0 1250.0 20.276362
1300.0 1350.0 20.263198
1400.0 1450.0 20.250034
1500.0 1550.0 20.23687
1600.0 1650.0 20.223706
1700.0 1750.0 20.210542
1800.0 1850.0 20.197378
1900.0 1950.0 20.184214
2000.0 2100.0 20.17105
2200.0 2300.0 20.145297
2400.0 2500.0 20.119544
2600.0 2700.0 20.093791
2800.0 2900.0 20.068038
3000.0 3100.0 20.042285
3200.0 3300.0 20.016531999999998
3400.0 3500.0 19.990779
3600.0 3700.0 19.965025999999998
3800.0 3900.0 19.939273
4000.0 4100.0 19.91352
4200.0 4300.0 19.888509
4400.0 4500.0 19.863498
4600.0 4700.0 19.838486999999997
4800.0 4900.0 19.813475999999998
5000.0 5100.0 19.788465
5200.0 5300.0 19.763454
5400.0 5500.0 19.738443
5600.0 5700.0 19.713431999999997
5800.0 5900.0 19.688420999999998
6000.0 6100.0 19.66341
6200.0 6300.0 19.639108999999998
6400.0 6500.0 19.614808
6600.0 6700.0 19.590507
6800.0 6900.0 19.566206
7000.0 7100.0 19.541905
7200.0 7300.0 19.517604
7400.0 7500.0 19.493303
7600.0 7700.0 19.469002
7800.0 7900.0 19.444701000000002
8000.0 8100.0 19.4204
8200.0 8300.0 19.396778
8400.0 8500.0 19.373156
8600.0 8700.0 19.349534000000002
8800.0 8900.0 19.325912000000002
9000.0 9100.0 19.30229
9200.0 9300.0 19.278668
9400.0 9500.0 19.255046
9600.0 9700.0 19.231424
9800.0 9900.0 19.207802
10000.0 10250.0 19.18418
10500.0 10750.0 19.127918
11000.0 11250.0 19.071656
11500.0 11750.0 19.015394
12000.0 12250.0 18.959132
12500.0 12750.0 18.90287
13000.0 13250.0 18.846608
13500.0 13750.0 18.790346
14000.0 14250.0 18.734084
14500.0 14750.0 18.677822
15000.0 15250.0 18.62156
15500.0 15750.0 18.568970999999998
16000.0 16250.0 18.516382
16500.0 16750.0 18.463793
17000.0 17250.0 18.411203999999998
17500.0 17750.0 18.358615
18000.0 18250.0 18.306026
18500.0 18750.0 18.253436999999998
19000.0 19250.0 18.200847999999997
19500.0 19750.0 18.148259
20000.0 21000.0 18.09567
22000.0 23000.0 17.915657
24000.0 25000.0 17.735643999999997
26000.0 27000.0 17.555630999999998
28000.0 29000.0 17.375618
30000.0 31000.0 17.195605
32000.0 33000.0 17.015591999999998
34000.0 35000.0 16.835579
36000.0 37000.0 16.655566
38000.0 39000.0 16.475552999999998
40000.0 41000.0 16.29554
42000.0 43000.0 16.152714
44000.0 45000.0 16.009888
46000.0 47000.0 15.867061999999999
48000.0 49000.0 15.724236
50000.0 51000.0 15.581409999999998
52000.0 53000.0 15.438583999999999
54000.0 55000.0 15.295758
56000.0 57000.0 15.152932
58000.0 59000.0 15.010105999999999
60000.0 61000.0 14.86728
62000.0 63000.0 14.751135
64000.0 65000.0 14.63499
66000.0 67000.0 14.518844999999999
68000.0 69000.0 14.4027
70000.0 71000.0 14.286555
72000.0 73000.0 14.17041
74000.0 75000.0 14.054265000000001
76000.0 77000.0 13.93812
78000.0 79000.0 13.821975
80000.0 81000.0 13.70583
82000.0 83000.0 13.609476
84000.0 85000.0 13.513122000000001
86000.0 87000.0 13.416768000000001
88000.0 89000.0 13.320414000000001
90000.0 91000.0 13.224060000000001
92000.0 93000.0 13.127706
94000.0 95000.0 13.031352
96000.0 97000.0 12.934998
98000.0 99000.0 12.838644
100000.0 102500.0 12.74229
105000.0 107500.0 12.560401
110000.0 112500.0 12.378512
115000.0 117500.0 12.196623
120000.0 122500.0 12.014734
125000.0 127500.0 11.832845
130000.0 132500.0 11.650956
135000.0 137500.0 11.469067
140000.0 142500.0 11.287178
145000.0 147500.0 11.105289
150000.0 152500.0 10.9234
155000.0 157500.0 10.7953778
160000.0 162500.0 10.6673556
165000.0 167500.0 10.5393334
170000.0 172500.0 10.4113112
175000.0 177500.0 10.283289
180000.0 182500.0 10.155266800000001
185000.0 187500.0 10.027244600000001
190000.0 192500.0 9.899222400000001
195000.0 197500.0 9.771200200000001
200000.0 205000.0 9.643178
210000.0 215000.0 9.474055100000001
220000.0 225000.0 9.3049322
230000.0 235000.0 9.1358093
240000.0 245000.0 8.9666864
250000.0 255000.0 8.7975635
260000.0 265000.0 8.628440600000001
270000.0 275000.0 8.4593177
280000.0 285000.0 8.2901948
290000.0 295000.0 8.1210719
300000.0 305000.0 7.951949
310000.0 315000.0 7.8443953
320000.0 325000.0 7.7368416
330000.0 335000.0 7.6292879
340000.0 345000.0 7.5217342
350000.0 355000.0 7.4141805000000005
360000.0 365000.0 7.3066268
370000.0 375000.0 7.199073100000001
380000.0 385000.0 7.0915194
390000.0 395000.0 6.983965700000001
400000.0 405000.0 6.876412
410000.0 415000.0 6.801315300000001
420000.0 425000.0 6.7262186
430000.0 435000.0 6.6511219
440000.0 445000.0 6.5760252
450000.0 455000.0 6.5009285000000006
460000.0 465000.0 6.4258318
470000.0 475000.0 6.3507351
480000.0 485000.0 6.2756384
490000.0 495000.0 6.2005417000000005
500000.0 505000.0 6.125445
510000.0 515000.0 6.0695884
520000.0 525000.0 6.0137318
530000.0 535000.0 5.9578752
540000.0 545000.0 5.9020186
550000.0 555000.0 5.846162
560000.0 565000.0 5.7903054
570000.0 575000.0 5.7344488
580000.0 585000.0 5.6785922
590000.0 595000.0 5.6227356
600000.0 605000.0 5.566879
610000.0 615000.0 5.523392100000001
620000.0 625000.0 5.4799052
630000.0 635000.0 5.4364183
640000.0 645000.0 5.3929314
650000.0 655000.0 5.349444500000001
660000.0 665000.0 5.3059576
670000.0 675000.0 5.2624707
680000.0 685000.0 5.2189838
690000.0 695000.0 5.175496900000001
700000.0 705000.0 5.13201
710000.0 715000.0 5.096966
720000.0 725000.0 5.061922
730000.0 735000.0 5.026878
740000.0 745000.0 4.991834
750000.0 755000.0 4.95679
760000.0 765000.0 4.921746000000001
770000.0 775000.0 4.8867020000000005
780000.0 785000.0 4.8516580000000005
790000.0 795000.0 4.816614
800000.0 805000.0 4.78157
810000.0 815000.0 4.7525601
820000.0 825000.0 4.7235502
830000.0 835000.0 4.6945403
840000.0 845000.0 4.6655304
850000.0 855000.0 4.6365205
860000.0 865000.0 4.6075106
870000.0 875000.0 4.5785007
880000.0 885000.0 4.5494908
890000.0 895000.0 4.5204809
900000.0 905000.0 4.491471
910000.0 915000.0 4.4669343
920000.0 925000.0 4.4423976
930000.0 935000.0 4.4178609
940000.0 945000.0 4.3933241999999995
950000.0 955000.0 4.3687875
960000.0 965000.0 4.3442508
970000.0 975000.0 4.3197141
980000.0 985000.0 4.2951774
990000.0 995000.0 4.2706406999999995
1000000.0 1010000.0 4.246104
1020000.0 1030000.0 4.206539
1040000.0 1050000.0 4.166974
1060000.0 1070000.0 4.127409
1080000.0 1090000.0 4.087844
1100000.0 1110000.0 4.048279
1120000.0 1130000.0 4.008714
1140000.0 1150000.0 3.969149
1160000.0 1170000.0 3.929584
1180000.0 1190000.0 3.890019
1200000.0 1210000.0 3.850454
1220000.0 1230000.0 3.8195834
1240000.0 1250000.0 3.7887128
1260000.0 1270000.0 3.7578422000000002
1280000.0 1290000.0 3.7269716
1300000.0 1310000.0 3.696101
1320000.0 1330000.0 3.6652304
1340000.0 1350000.0 3.6343598
1360000.0 1370000.0 3.6034892000000003
1380000.0 1390000.0 3.5726186
1400000.0 1410000.0 3.541748
1420000.0 1430000.0 3.5167046
1440000.0 1450000.0 3.4916612000000002
1460000.0 1470000.0 3.4666178
1480000.0 1490000.0 3.4415744
1500000.0 1510000.0 3.416531
1520000.0 1530000.0 3.3914876
1540000.0 1550000.0 3.3664442
1560000.0 1570000.0 3.3414007999999997
1580000.0 1590000.0 3.3163574
1600000.0 1610000.0 3.291314
1620000.0 1630000.0 3.2704012999999996
1640000.0 1650000.0 3.2494886
1660000.0 1670000.0 3.2285759
1680000.0 1690000.0 3.2076632
1700000.0 1710000.0 3.1867504999999996
1720000.0 1730000.0 3.1658378
1740000.0 1750000.0 3.1449251
1760000.0 1770000.0 3.1240124
1780000.0 1790000.0 3.1030996999999996
1800000.0 1810000.0 3.082187
1820000.0 1830000.0 3.0643328
1840000.0 1850000.0 3.0464786
1860000.0 1870000.0 3.0286244
1880000.0 1890000.0 3.0107702
1900000.0 1910000.0 2.992916
1920000.0 1930000.0 2.9750617999999998
1940000.0 1950000.0 2.9572076
1960000.0 1970000.0 2.9393534
1980000.0 1990000.0 2.9214992
2000000.0 2010000.0 2.903645
2020000.0 2030000.0 2.8881348
2040000.0 2050000.0 2.8726246
2060000.0 2070000.0 2.8571144
2080000.0 2090000.0 2.8416042
2100000.0 2110000.0 2.8260940000000003
2120000.0 2130000.0 2.8105838000000003
2140000.0 2150000.0 2.7950736000000003
2160000.0 2170000.0 2.7795634000000002
2180000.0 2190000.0 2.7640532
2200000.0 2210000.0 2.748543
2220000.0 2230000.0 2.7348805
2240000.0 2250000.0 2.7212180000000004
2260000.0 2270000.0 2.7075555000000002
2280000.0 2290000.0 2.693893
2300000.0 2310000.0 2.6802305000000004
2320000.0 2330000.0 2.6665680000000003
2340000.0 2350000.0 2.6529055
2360000.0 2370000.0 2.639243
2380000.0 2390000.0 2.6255805000000003
2400000.0 2410000.0 2.611918
2420000.0 2430000.0 2.5997459000000003
2440000.0 2450000.0 2.5875738000000004
2460000.0 2470000.0 2.5754017
2480000.0 2490000.0 2.5632296
2500000.0 2510000.0 2.5510575
2520000.0 2530000.0 2.5388854000000003
2540000.0 2550000.0 2.5267133000000004
2560000.0 2570000.0 2.5145412
2580000.0 2590000.0 2.5023691
2600000.0 2610000.0 2.490197
2620000.0 2630000.0 2.4792509000000003
2640000.0 2650000.0 2.4683048000000003
2660000.0 2670000.0 2.4573587000000003
2680000.0 2690000.0 2.4464126000000004
2700000.0 2710000.0 2.4354665000000004
2720000.0 2730000.0 2.4245204
2740000.0 2750000.0 2.4135743
2760000.0 2770000.0 2.4026282
2780000.0 2790000.0 2.3916821
2800000.0 2810000.0 2.380736
2820000.0 2830000.0 2.3708145000000003
2840000.0 2850000.0 2.3608930000000004
2860000.0 2870000.0 2.3509715
2880000.0 2890000.0 2.34105
2900000.0 2910000.0 2.3311285
2920000.0 2930000.0 2.3212070000000002
2940000.0 2950000.0 2.3112855000000003
2960000.0 2970000.0 2.301364
2980000.0 2990000.0 2.2914425
3000000.0 3010000.0 2.281521
3020000.0 3030000.0 2.2724682
3040000.0 3050000.0 2.2634154
3060000.0 3070000.0 2.2543626000000003
3080000.0 3090000.0 2.2453098000000002
3100000.0 3110000.0 2.236257
3120000.0 3130000.0 2.2272042
3140000.0 3150000.0 2.2181514
3160000.0 3170000.0 2.2090986000000004
3180000.0 3190000.0 2.2000458000000003
3200000.0 3210000.0 2.190993
3220000.0 3230000.0 2.1826854
3240000.0 3250000.0 2.1743778000000002
3260000.0 3270000.0 2.1660702
3280000.0 3290000.0 2.1577626000000003
3300000.0 3310000.0 2.149455
3320000.0 3330000.0 2.1411474
3340000.0 3350000.0 2.1328398
3360000.0 3370000.0 2.1245322
3380000.0 3390000.0 2.1162246000000002
3400000.0 3410000.0 2.107917
3420000.0 3430000.0 2.1002554
3440000.0 3450000.0 2.0925938
3460000.0 3470000.0 2.0849322
3480000.0 3490000.0 2.0772706
3500000.0 3510000.0 2.069609
3520000.0 3530000.0 2.0619474
3540000.0 3550000.0 2.0542858
3560000.0 3570000.0 2.0466242
3580000.0 3590000.0 2.0389626
3600000.0 3610000.0 2.031301
3620000.0 3630000.0 2.0242043
3640000.0 3650000.0 2.0171076
3660000.0 3670000.0 2.0100109
3680000.0 3690000.0 2.0029142
3700000.0 3710000.0 1.9958175
3720000.0 3730000.0 1.9887208
3740000.0 3750000.0 1.9816241
3760000.0 3770000.0 1.9745274
3780000.0 3790000.0 1.9674307
3800000.0 3810000.0 1.960334
3820000.0 3830000.0 1.9537355
3840000.0 3850000.0 1.9471370000000001
3860000.0 3870000.0 1.9405385
3880000.0 3890000.0 1.93394
3900000.0 3910000.0 1.9273415
3920000.0 3930000.0 1.920743
3940000.0 3950000.0 1.9141445000000001
3960000.0 3970000.0 1.907546
3980000.0 3990000.0 1.9009475
4000000.0 4010000.0 1.894349
4020000.0 4030000.0 1.8881928000000001
4040000.0 4050000.0 1.8820366
4060000.0 4070000.0 1.8758804
4080000.0 4090000.0 1.8697242
4100000.0 4110000.0 1.863568
4120000.0 4130000.0 1.8574118
4140000.0 4150000.0 1.8512556
4160000.0 4170000.0 1.8450994
4180000.0 4190000.0 1.8389432
4200000.0 4210000.0 1.832787
4220000.0 4230000.0 1.827026
4240000.0 4250000.0 1.821265
4260000.0 4270000.0 1.815504
4280000.0 4290000.0 1.8097429999999999
4300000.0 4310000.0 1.803982
4320000.0 4330000.0 1.798221
4340000.0 4350000.0 1.79246
4360000.0 4370000.0 1.786699
4380000.0 4390000.0 1.780938
4400000.0 4410000.0 1.775177
4420000.0 4430000.0 1.7697711
4440000.0 4450000.0 1.7643652
4460000.0 4470000.0 1.7589593
4480000.0 4490000.0 1.7535534
4500000.0 4510000.0 1.7481475
4520000.0 4530000.0 1.7427416
4540000.0 4550000.0 1.7373357
4560000.0 4570000.0 1.7319297999999999
4580000.0 4590000.0 1.7265239
4600000.0 4610000.0 1.721118
4620000.0 4630000.0 1.7160326
4640000.0 4650000.0 1.7109472
4660000.0 4670000.0 1.7058617999999999
4680000.0 4690000.0 1.7007763999999999
4700000.0 4710000.0 1.695691
4720000.0 4730000.0 1.6906056
4740000.0 4750000.0 1.6855202
4760000.0 4770000.0 1.6804348
4780000.0 4790000.0 1.6753494
4800000.0 4810000.0 1.670264
4820000.0 4830000.0 1.6654693999999999
4840000.0 4850000.0 1.6606748
4860000.0 4870000.0 1.6558802
4880000.0 4890000.0 1.6510856
4900000.0 4910000.0 1.646291
4920000.0 4930000.0 1.6414963999999999
4940000.0 4950000.0 1.6367018
4960000.0 4970000.0 1.6319072
4980000.0 4990000.0 1.6271126
5000000.0 5025000.0 1.622318
5050000.0 5075000.0 1.6114415
5100000.0 5125000.0 1.600565
5150000.0 5175000.0 1.5896884999999998
5200000.0 5225000.0 1.5788119999999999
5250000.0 5275000.0 1.5679355
5300000.0 5325000.0 1.557059
5350000.0 5375000.0 1.5461825
5400000.0 5425000.0 1.5353059999999998
5450000.0 5475000.0 1.5244294999999999
5500000.0 5525000.0 1.513553
5550000.0 5575000.0 1.5040133999999998
5600000.0 5625000.0 1.4944738
5650000.0 5675000.0 1.4849341999999999
5700000.0 5725000.0 1.4753946
5750000.0 5775000.0 1.465855
5800000.0 5825000.0 1.4563153999999998
5850000.0 5875000.0 1.4467758
5900000.0 5925000.0 1.4372361999999999
5950000.0 5975000.0 1.4276966
6000000.0 6025000.0 1.418157
6050000.0 6075000.0 1.4097122
6100000.0 6125000.0 1.4012673999999998
6150000.0 6175000.0 1.3928226
6200000.0 6225000.0 1.3843778
6250000.0 6275000.0 1.3759329999999999
6300000.0 6325000.0 1.3674882
6350000.0 6375000.0 1.3590434
6400000.0 6425000.0 1.3505986
6450000.0 6475000.0 1.3421538
6500000.0 6525000.0 1.333709
6550000.0 6575000.0 1.3261748
6600000.0 6625000.0 1.3186406
6650000.0 6675000.0 1.3111064000000001
6700000.0 6725000.0 1.3035722
6750000.0 6775000.0 1.296038
6800000.0 6825000.0 1.2885038
6850000.0 6875000.0 1.2809696
6900000.0 6925000.0 1.2734354
6950000.0 6975000.0 1.2659012
7000000.0 7025000.0 1.258367
7050000.0 7075000.0 1.2516
7100000.0 7125000.0 1.244833
7150000.0 7175000.0 1.2380659999999999
7200000.0 7225000.0 1.231299
7250000.0 7275000.0 1.224532
7300000.0 7325000.0 1.217765
7350000.0 7375000.0 1.210998
7400000.0 7425000.0 1.2042309999999998
7450000.0 7475000.0 1.1974639999999999
7500000.0 7525000.0 1.190697
7550000.0 7575000.0 1.1845837
7600000.0 7625000.0 1.1784704
7650000.0 7675000.0 1.1723571
7700000.0 7725000.0 1.1662438
7750000.0 7775000.0 1.1601305
7800000.0 7825000.0 1.1540172
7850000.0 7875000.0 1.1479039
7900000.0 7925000.0 1.1417906
7950000.0 7975000.0 1.1356773
8000000.0 8025000.0 1.129564
8050000.0 8075000.0 1.1240128
8100000.0 8125000.0 1.1184616
8150000.0 8175000.0 1.1129104
8200000.0 8225000.0 1.1073592
8250000.0 8275000.0 1.1018080000000001
8300000.0 8325000.0 1.0962568
8350000.0 8375000.0 1.0907056
8400000.0 8425000.0 1.0851544
8450000.0 8475000.0 1.0796032
8500000.0 8525000.0 1.074052
8550000.0 8575000.0 1.0689883
8600000.0 8625000.0 1.0639246
8650000.0 8675000.0 1.0588609
8700000.0 8725000.0 1.0537972
8750000.0 8775000.0 1.0487335
8800000.0 8825000.0 1.0436698
8850000.0 8875000.0 1.0386061
8900000.0 8925000.0 1.0335424
8950000.0 8975000.0 1.0284787
9000000.0 9025000.0 1.023415
9050000.0 9075000.0 1.01877697
9100000.0 9125000.0 1.01413894
9150000.0 9175000.0 1.00950091
9200000.0 9225000.0 1.00486288
9250000.0 9275000.0 1.00022485
9300000.0 9325000.0 0.99558682
9350000.0 9375000.0 0.99094879
9400000.0 9425000.0 0.9863107600000001
9450000.0 9475000.0 0.98167273
9500000.0 9525000.0 0.9770347
9550000.0 9575000.0 0.97277097
9600000.0 9625000.0 0.96850724
9650000.0 9675000.0 0.9642435100000001
9700000.0 9725000.0 0.9599797800000001
9750000.0 9775000.0 0.95571605
9800000.0 9825000.0 0.95145232
9850000.0 9875000.0 0.94718859
9900000.0 9925000.0 0.9429248600000001
9950000.0 9975000.0 0.9386611300000001
10000000.0 10025000.0 0.9343974
10050000.0 10075000.0 0.9304645100000001
10100000.0 10125000.0 0.92653162
10150000.0 10175000.0 0.92259873
10200000.0 10225000.0 0.9186658400000001
10250000.0 10275000.0 0.9147329500000001
10300000.0 10325000.0 0.91080006
10350000.0 10375000.0 0.9068671700000001
10400000.0 10425000.0 0.9029342800000001
10450000.0 10475000.0 0.89900139
10500000.0 10525000.0 0.8950685
10550000.0 10575000.0 0.8914296100000001
10600000.0 10625000.0 0.88779072
10650000.0 10675000.0 0.88415183
10700000.0 10725000.0 0.88051294
10750000.0 10775000.0 0.8768740500000001
10800000.0 10825000.0 0.87323516
10850000.0 10875000.0 0.86959627
10900000.0 10925000.0 0.86595738
10950000.0 10975000.0 0.86231849
11000000.0 11025000.0 0.8586796
11050000.0 11075000.0 0.8553031799999999
11100000.0 11125000.0 0.85192676
11150000.0 11175000.0 0.84855034
11200000.0 11225000.0 0.84517392
11250000.0 11275000.0 0.8417975
11300000.0 11325000.0 0.8384210799999999
11350000.0 11375000.0 0.83504466
11400000.0 11425000.0 0.83166824
11450000.0 11475000.0 0.82829182
11500000.0 11525000.0 0.8249154
11550000.0 11575000.0 0.8217743
11600000.0 11625000.0 0.8186332
11650000.0 11675000.0 0.8154920999999999
11700000.0 11725000.0 0.8123509999999999
11750000.0 11775000.0 0.8092098999999999
11800000.0 11825000.0 0.8060688
11850000.0 11875000.0 0.8029277
11900000.0 11925000.0 0.7997866
11950000.0 11975000.0 0.7966455
12000000.0 12025000.0 0.7935044
12050000.0 12075000.0 0.79057509
12100000.0 12125000.0 0.78764578
12150000.0 12175000.0 0.78471647
12200000.0 12225000.0 0.78178716
12250000.0 12275000.0 0.7788578500000001
12300000.0 12325000.0 0.77592854
12350000.0 12375000.0 0.77299923
12400000.0 12425000.0 0.7700699200000001
12450000.0 12475000.0 0.76714061
12500000.0 12525000.0 0.7642113
12550000.0 12575000.0 0.7614733
12600000.0 12625000.0 0.7587353
12650000.0 12675000.0 0.7559973
12700000.0 12725000.0 0.7532593
12750000.0 12775000.0 0.7505213
12800000.0 12825000.0 0.7477833
12850000.0 12875000.0 0.7450453
12900000.0 12925000.0 0.7423073
12950000.0 12975000.0 0.7395693
13000000.0 13025000.0 0.7368313
13050000.0 13075000.0 0.7342666499999999
13100000.0 13125000.0 0.731702
13150000.0 13175000.0 0.72913735
13200000.0 13225000.0 0.7265727
13250000.0 13275000.0 0.7240080499999999
13300000.0 13325000.0 0.7214434
13350000.0 13375000.0 0.71887875
13400000.0 13425000.0 0.7163141
13450000.0 13475000.0 0.7137494499999999
13500000.0 13525000.0 0.7111848
13550000.0 13575000.0 0.70877773
13600000.0 13625000.0 0.7063706599999999
13650000.0 13675000.0 0.70396359
13700000.0 13725000.0 0.7015565199999999
13750000.0 13775000.0 0.69914945
13800000.0 13825000.0 0.69674238
13850000.0 13875000.0 0.6943353099999999
13900000.0 13925000.0 0.69192824
13950000.0 13975000.0 0.6895211699999999
14000000.0 14025000.0 0.6871141
14050000.0 14075000.0 0.6848506799999999
14100000.0 14125000.0 0.6825872599999999
14150000.0 14175000.0 0.68032384
14200000.0 14225000.0 0.67806042
14250000.0 14275000.0 0.675797
14300000.0 14325000.0 0.67353358
14350000.0 14375000.0 0.67127016
14400000.0 14425000.0 0.66900674
14450000.0 14475000.0 0.66674332
14500000.0 14525000.0 0.6644799
14550000.0 14575000.0 0.66234777
14600000.0 14625000.0 0.66021564
14650000.0 14675000.0 0.65808351
14700000.0 14725000.0 0.65595138
14750000.0 14775000.0 0.65381925
14800000.0 14825000.0 0.6516871200000001
14850000.0 14875000.0 0.64955499
14900000.0 14925000.0 0.64742286
14950000.0 14975000.0 0.64529073
15000000.0 15025000.0 0.6431586
15050000.0 15075000.0 0.64114675
15100000.0 15125000.0 0.6391349000000001
15150000.0 15175000.0 0.63712305
15200000.0 15225000.0 0.6351112
15250000.0 15275000.0 0.63309935
15300000.0 15325000.0 0.6310875
15350000.0 15375000.0 0.62907565
15400000.0 15425000.0 0.6270638
15450000.0 15475000.0 0.62505195
15500000.0 15525000.0 0.6230401
15550000.0 15575000.0 0.62113871
15600000.0 15625000.0 0.61923732
15650000.0 15675000.0 0.61733593
15700000.0 15725000.0 0.61543454
15750000.0 15775000.0 0.61353315
15800000.0 15825000.0 0.61163176
15850000.0 15875000.0 0.60973037
15900000.0 15925000.0 0.60782898
15950000.0 15975000.0 0.60592759
16000000.0 16025000.0 0.6040262
16050000.0 16075000.0 0.60222648
16100000.0 16125000.0 0.60042676
16150000.0 16175000.0 0.59862704
16200000.0 16225000.0 0.5968273199999999
16250000.0 16275000.0 0.5950276
16300000.0 16325000.0 0.59322788
16350000.0 16375000.0 0.59142816
16400000.0 16425000.0 0.58962844
16450000.0 16475000.0 0.58782872
16500000.0 16525000.0 0.586029
16550000.0 16575000.0 0.58432302
16600000.0 16625000.0 0.58261704
16650000.0 16675000.0 0.58091106
16700000.0 16725000.0 0.57920508
16750000.0 16775000.0 0.5774991
16800000.0 16825000.0 0.5757931199999999
16850000.0 16875000.0 0.5740871399999999
16900000.0 16925000.0 0.5723811599999999
16950000.0 16975000.0 0.57067518
17000000.0 17025000.0 0.5689692
17050000.0 17075000.0 0.5673498499999999
17100000.0 17125000.0 0.5657304999999999
17150000.0 17175000.0 0.56411115
17200000.0 17225000.0 0.5624918
17250000.0 17275000.0 0.56087245
17300000.0 17325000.0 0.5592531
17350000.0 17375000.0 0.5576337499999999
17400000.0 17425000.0 0.5560144
17450000.0 17475000.0 0.55439505
17500000.0 17525000.0 0.5527757
17550000.0 17575000.0 0.55123653
17600000.0 17625000.0 0.54969736
17650000.0 17675000.0 0.54815819
17700000.0 17725000.0 0.54661902
17750000.0 17775000.0 0.54507985
17800000.0 17825000.0 0.54354068
17850000.0 17875000.0 0.54200151
17900000.0 17925000.0 0.5404623399999999
17950000.0 17975000.0 0.53892317
18000000.0 18025000.0 0.537384
18050000.0 18075000.0 0.53591919
18100000.0 18125000.0 0.53445438
18150000.0 18175000.0 0.53298957
18200000.0 18225000.0 0.53152476
18250000.0 18275000.0 0.5300599500000001
18300000.0 18325000.0 0.52859514
18350000.0 18375000.0 0.52713033
18400000.0 18425000.0 0.52566552
18450000.0 18475000.0 0.52420071
18500000.0 18525000.0 0.5227359
18550000.0 18575000.0 0.5213401400000001
18600000.0 18625000.0 0.51994438
18650000.0 18675000.0 0.51854862
18700000.0 18725000.0 0.51715286
18750000.0 18775000.0 0.5157571000000001
18800000.0 18825000.0 0.51436134
18850000.0 18875000.0 0.51296558
18900000.0 18925000.0 0.5115698200000001
18950000.0 18975000.0 0.51017406
19000000.0 19025000.0 0.5087783
19050000.0 19075000.0 0.50744677
19100000.0 19125000.0 0.50611524
19150000.0 19175000.0 0.50478371
19200000.0 19225000.0 0.50345218
19250000.0 19275000.0 0.50212065
19300000.0 19325000.0 0.50078912
19350000.0 19375000.0 0.49945759
19400000.0 19425000.0 0.49812606
19450000.0 19475000.0 0.49679453
19500000.0 19525000.0 0.495463
19550000.0 19575000.0 0.49419132
19600000.0 19625000.0 0.49291964
19650000.0 19675000.0 0.49164796
19700000.0 19725000.0 0.49037628
19750000.0 19775000.0 0.4891046
19800000.0 19825000.0 0.48783292
19850000.0 19875000.0 0.48656124
19900000.0 19925000.0 0.48528956
19950000.0 19975000.0 0.48401788