1e-05 1.0500000000000001e-05 16.72869
1.1000000000000001e-05 1.1500000000000002e-05 16.238718
1.2000000000000002e-05 1.2500000000000002e-05 15.748746
1.3000000000000003e-05 1.3500000000000003e-05 15.258773999999999
1.4000000000000003e-05 1.4500000000000003e-05 14.768801999999999
1.5000000000000004e-05 1.5500000000000004e-05 14.27883
1.6000000000000003e-05 1.65e-05 13.788858
1.7000000000000003e-05 1.7500000000000002e-05 13.298886
1.8000000000000004e-05 1.8500000000000002e-05 12.808913999999998
1.9000000000000004e-05 1.9500000000000003e-05 12.318942
2e-05 2.15e-05 11.82897
2.3000000000000003e-05 2.4500000000000003e-05 11.3942029
2.6000000000000002e-05 2.75e-05 10.9594358
2.9e-05 3.05e-05 10.5246687
3.2e-05 3.35e-05 10.089901600000001
3.5e-05 3.65e-05 9.6551345
3.7999999999999995e-05 3.95e-05 9.2203674
4.0999999999999994e-05 4.2499999999999996e-05 8.7856003
4.399999999999999e-05 4.5499999999999995e-05 8.3508332
4.699999999999999e-05 4.849999999999999e-05 7.916066100000002
4.999999999999999e-05 5.149999999999999e-05 7.481299000000002
5e-05 5.25e-05 7.481299
5.5e-05 5.75e-05 7.2621768
6e-05 6.25e-05 7.0430546
6.500000000000001e-05 6.750000000000001e-05 6.8239323999999995
7.000000000000001e-05 7.250000000000001e-05 6.6048102
7.500000000000001e-05 7.750000000000001e-05 6.385688
8e-05 8.250000000000001e-05 6.1665658
8.5e-05 8.750000000000001e-05 5.9474436
9e-05 9.250000000000001e-05 5.7283214000000005
9.5e-05 9.750000000000001e-05 5.5091992
0.0001 0.000105 5.290077
0.00011 0.000115 5.1351342
0.00012 0.000125 4.9801914
0.00013000000000000002 0.00013500000000000003 4.8252486
0.00014000000000000001 0.00014500000000000003 4.6703057999999995
0.00015000000000000001 0.00015500000000000003 4.515363
0.00016 0.00016500000000000003 4.3604202
0.00017 0.00017500000000000003 4.2054773999999995
0.00018 0.00018500000000000002 4.0505346
0.00019 0.00019500000000000002 3.8955918
0.0002 0.00021500000000000002 3.740649
0.00023 0.000245 3.6031635
0.00026000000000000003 0.000275 3.465678
0.00029000000000000006 0.00030500000000000004 3.3281924999999997
0.0003200000000000001 0.00033500000000000007 3.1907069999999997
0.0003500000000000001 0.0003650000000000001 3.0532215
0.00038000000000000013 0.0003950000000000001 2.9157359999999994
0.00041000000000000015 0.00042500000000000014 2.7782504999999995
0.0004400000000000002 0.00045500000000000016 2.640764999999999
0.0004700000000000002 0.0004850000000000002 2.5032794999999997
0.0005 0.000525 2.365794
0.00055 0.000575 2.2965015
0.0006000000000000001 0.000625 2.227209
0.0006500000000000001 0.000675 2.1579165
0.0007000000000000001 0.0007250000000000001 2.088624
0.0007500000000000001 0.0007750000000000001 2.0193315
0.0008000000000000001 0.0008250000000000001 1.9500389999999999
0.0008500000000000002 0.0008750000000000001 1.8807464999999999
0.0009000000000000002 0.0009250000000000001 1.811454
0.0009500000000000002 0.0009750000000000002 1.7421614999999997
0.001 0.00105 1.672869
0.0011 0.00115 1.6238717999999999
0.0012000000000000001 0.00125 1.5748746
0.0013000000000000002 0.00135 1.5258774
0.0014000000000000002 0.0014500000000000001 1.4768801999999999
0.0015000000000000002 0.0015500000000000002 1.427883
0.0016000000000000003 0.0016500000000000002 1.3788858
0.0017000000000000003 0.0017500000000000003 1.3298885999999999
0.0018000000000000004 0.0018500000000000003 1.2808913999999998
0.0019000000000000004 0.0019500000000000003 1.2318942
0.002 0.00215 1.182897
0.0023 0.00245 1.1394202800000002
0.0026 0.00275 1.09594356
0.0029 0.0030499999999999998 1.0524668400000001
0.0031999999999999997 0.0033499999999999997 1.00899012
0.0034999999999999996 0.0036499999999999996 0.9655134000000001
0.0037999999999999996 0.0039499999999999995 0.9220366800000002
0.0040999999999999995 0.0042499999999999994 0.87855996
0.004399999999999999 0.004549999999999999 0.8350832400000001
0.004699999999999999 0.004849999999999999 0.7916065200000001
0.004999999999999999 0.005149999999999999 0.7481298000000001
0.005 0.00525 0.7481298
0.0055 0.00575 0.72621759
0.006 0.00625 0.70430538
0.006500000000000001 0.006750000000000001 0.6823931699999999
0.007000000000000001 0.007250000000000001 0.6604809599999999
0.0075000000000000015 0.007750000000000002 0.6385687499999999
0.008000000000000002 0.008250000000000002 0.6166565399999999
0.008500000000000002 0.008750000000000003 0.5947443299999999
0.009000000000000003 0.009250000000000003 0.5728321199999998
0.009500000000000003 0.009750000000000003 0.5509199099999998
0.01 0.010765 0.5290077
0.01153 0.012295 0.5093653499999999
0.01306 0.013825 0.48972299999999996
0.01459 0.015355 0.47008065
0.01612 0.016884999999999997 0.4504383
0.01765 0.018414999999999997 0.43079595
0.01918 0.019944999999999997 0.4111536
0.02071 0.021474999999999998 0.39151125
0.02224 0.023004999999999998 0.3718689
0.02377 0.024534999999999998 0.35222655
0.0253 0.029035 0.3325842
0.03277 0.036505 0.31605446
0.04024 0.043975 0.29952472
0.047709999999999995 0.051445 0.28299498
0.05517999999999999 0.058914999999999995 0.26646524000000005
0.06265 0.066385 0.24993550000000003
0.07012 0.073855 0.23340576000000002
0.07759 0.08132500000000001 0.21687602
0.08506000000000001 0.08879500000000001 0.20034628
0.09253000000000002 0.09626500000000002 0.18381653999999997
0.1 0.10500000000000001 0.1672868
0.11 0.115 0.16238708000000002
0.12 0.125 0.15748736000000002
0.13 0.135 0.15258764
0.14 0.14500000000000002 0.14768792
0.15000000000000002 0.15500000000000003 0.1427882
0.16000000000000003 0.16500000000000004 0.13788847999999998
0.17000000000000004 0.17500000000000004 0.13298875999999998
0.18000000000000005 0.18500000000000005 0.12808904
0.19000000000000006 0.19500000000000006 0.12318931999999996
0.2 0.21500000000000002 0.1182896
0.23 0.245 0.11394191299999999
0.26 0.275 0.10959422599999999
0.29000000000000004 0.30500000000000005 0.10524653899999999
0.32000000000000006 0.3350000000000001 0.10089885199999998
0.3500000000000001 0.3650000000000001 0.09655116499999998
0.3800000000000001 0.39500000000000013 0.09220347799999998
0.41000000000000014 0.42500000000000016 0.08785579099999997
0.44000000000000017 0.4550000000000002 0.08350810399999997
0.4700000000000002 0.4850000000000002 0.07916041699999996
0.5 0.525 0.07481273
0.55 0.5750000000000001 0.072621497
0.6000000000000001 0.6250000000000001 0.07043026399999999
0.6500000000000001 0.6750000000000002 0.06823903099999999
0.7000000000000002 0.7250000000000002 0.06604779799999999
0.7500000000000002 0.7750000000000002 0.06385656499999999
0.8000000000000003 0.8250000000000003 0.06166533199999999
0.8500000000000003 0.8750000000000003 0.05947409899999999
0.9000000000000004 0.9250000000000004 0.05728286599999999
0.9500000000000004 0.9750000000000004 0.05509163299999999
1.0 1.05 0.0529004
1.1 1.1500000000000001 0.051350956999999996
1.2000000000000002 1.2500000000000002 0.049801514
1.3000000000000003 1.3500000000000003 0.048252070999999994
1.4000000000000004 1.4500000000000004 0.046702627999999996
1.5000000000000004 1.5500000000000005 0.04515318499999999
1.6000000000000005 1.6500000000000006 0.04360374199999999
1.7000000000000006 1.7500000000000007 0.04205429899999999
1.8000000000000007 1.8500000000000008 0.040504855999999985
1.9000000000000008 1.9500000000000008 0.03895541299999998
2.0 2.15 0.03740597
2.3 2.4499999999999997 0.036031085
2.5999999999999996 2.7499999999999996 0.0346562
2.8999999999999995 3.0499999999999994 0.033281315
3.1999999999999993 3.349999999999999 0.03190643
3.499999999999999 3.649999999999999 0.030531545000000004
3.799999999999999 3.949999999999999 0.029156660000000004
4.099999999999999 4.249999999999999 0.027781775000000005
4.399999999999999 4.549999999999999 0.026406890000000006
4.699999999999998 4.849999999999999 0.025032005000000006
4.999999999999998 5.149999999999999 0.02365712000000001
5.0 5.25 0.02365712
5.5 5.75 0.022964161
6.0 6.25 0.022271202
6.5 6.75 0.021578243
7.0 7.25 0.020885284
7.5 7.75 0.020192325
8.0 8.25 0.019499366
8.5 8.75 0.018806407
9.0 9.25 0.018113448
9.5 9.75 0.017420489
10.0 10.5 0.01672753
11.0 11.5 0.01623751
12.0 12.5 0.01574749
13.0 13.5 0.01525747
14.0 14.5 0.014767450000000001
15.0 15.5 0.01427743
16.0 16.5 0.01378741
17.0 17.5 0.01329739
18.0 18.5 0.01280737
19.0 19.5 0.012317350000000001
20.0 21.5 0.01182733
23.0 24.5 0.0113924672
26.0 27.5 0.010957604400000001
29.0 30.5 0.0105227416
32.0 33.5 0.0100878788
35.0 36.5 0.009653016
38.0 39.5 0.0092181532
41.0 42.5 0.008783290400000001
44.0 45.5 0.0083484276
47.0 48.5 0.0079135648
50.0 52.5 0.007478702
55.0 57.5 0.0072594726000000005
60.0 62.5 0.0070402432
65.0 67.5 0.0068210138
70.0 72.5 0.0066017844000000004
75.0 77.5 0.006382555
80.0 82.5 0.0061633256
85.0 87.5 0.0059440962
90.0 92.5 0.005724866800000001
95.0 97.5 0.005505637400000001
100.0 105.0 0.005286408
110.0 115.0 0.0051313137
120.0 125.0 0.004976219400000001
130.0 135.0 0.0048211251
140.0 145.0 0.0046660308
150.0 155.0 0.0045109365
160.0 165.0 0.0043558422
170.0 175.0 0.0042007479
180.0 185.0 0.0040456536
190.0 195.0 0.0038905592999999997
200.0 215.0 0.003735465
230.0 245.0 0.0035976803
260.0 275.0 0.0034598956
290.0 305.0 0.0033221109
320.0 335.0 0.0031843262
350.0 365.0 0.0030465415
380.0 395.0 0.0029087568
410.0 425.0 0.0027709721
440.0 455.0 0.0026331874
470.0 485.0 0.0024954027
500.0 525.0 0.002357618
550.0 575.0 0.0022879915000000002
600.0 625.0 0.002218365
650.0 675.0 0.0021487385
700.0 725.0 0.002079112
750.0 775.0 0.0020094855
800.0 825.0 0.001939859
850.0 875.0 0.0018702325
900.0 925.0 0.001800606
950.0 975.0 0.0017309794999999998
1000.0 1050.0 0.001661353
1100.0 1150.0 0.0016118918
1200.0 1250.0 0.0015624306
1300.0 1350.0 0.0015129694
1400.0 1450.0 0.0014635082
1500.0 1550.0 0.0014140469999999999
1600.0 1650.0 0.0013645858
1700.0 1750.0 0.0013151246
1800.0 1850.0 0.0012656634
1900.0 1950.0 0.0012162022
2000.0 2050.0 0.001166741
2100.0 2150.0 0.00114468705
2200.0 2250.0 0.0011226331
2300.0 2350.0 0.00110057915
2400.0 2450.0 0.0010785252
2500.0 2550.0 0.00105647125
2600.0 2650.0 0.0010344173
2700.0 2750.0 0.00101236335
2800.0 2850.0 0.0009903094
2900.0 2950.0 0.0009682554499999999
3000.0 3050.0 0.0009462015
3100.0 3150.0 0.00093297596
3200.0 3250.0 0.0009197504199999999
3300.0 3350.0 0.00090652488
3400.0 3450.0 0.00089329934
3500.0 3550.0 0.0008800737999999999
3600.0 3650.0 0.00086684826
3700.0 3750.0 0.00085362272
3800.0 3850.0 0.00084039718
3900.0 3950.0 0.00082717164
4000.0 4050.0 0.0008139461
4100.0 4150.0 0.00080486982
4200.0 4250.0 0.0007957935399999999
4300.0 4350.0 0.00078671726
4400.0 4450.0 0.00077764098
4500.0 4550.0 0.0007685647
4600.0 4650.0 0.00075948842
4700.0 4750.0 0.00075041214
4800.0 4850.0 0.00074133586
4900.0 4950.0 0.0007322595799999999
5000.0 5050.0 0.0007231833
5100.0 5150.0 0.0007164480099999999
5200.0 5250.0 0.00070971272
5300.0 5350.0 0.0007029774299999999
5400.0 5450.0 0.00069624214
5500.0 5550.0 0.00068950685
5600.0 5650.0 0.0006827715599999999
5700.0 5750.0 0.00067603627
5800.0 5850.0 0.0006693009799999999
5900.0 5950.0 0.00066256569
6000.0 6050.0 0.0006558304
6100.0 6150.0 0.00065056961
6200.0 6250.0 0.00064530882
6300.0 6350.0 0.0006400480299999999
6400.0 6450.0 0.00063478724
6500.0 6550.0 0.00062952645
6600.0 6650.0 0.00062426566
6700.0 6750.0 0.00061900487
6800.0 6850.0 0.00061374408
6900.0 6950.0 0.00060848329
7000.0 7050.0 0.0006032225
7100.0 7150.0 0.00059896196
7200.0 7250.0 0.00059470142
7300.0 7350.0 0.00059044088
7400.0 7450.0 0.00058618034
7500.0 7550.0 0.0005819198
7600.0 7650.0 0.00057765926
7700.0 7750.0 0.0005733987200000001
7800.0 7850.0 0.00056913818
7900.0 7950.0 0.00056487764
8000.0 8050.0 0.0005606171
8100.0 8150.0 0.00055707238
8200.0 8250.0 0.00055352766
8300.0 8350.0 0.00054998294
8400.0 8450.0 0.00054643822
8500.0 8550.0 0.0005428935
8600.0 8650.0 0.0005393487800000001
8700.0 8750.0 0.00053580406
8800.0 8850.0 0.00053225934
8900.0 8950.0 0.00052871462
9000.0 9050.0 0.0005251699
9100.0 9150.0 0.00052215864
9200.0 9250.0 0.00051914738
9300.0 9350.0 0.00051613612
9400.0 9450.0 0.00051312486
9500.0 9550.0 0.0005101136000000001
9600.0 9650.0 0.00050710234
9700.0 9750.0 0.00050409108
9800.0 9850.0 0.0005010798200000001
9900.0 9950.0 0.00049806856
10000.0 10100.0 0.0004950573
10200.0 10300.0 0.00049017949
10400.0 10500.0 0.00048530168000000004
10600.0 10700.0 0.00048042387
10800.0 10900.0 0.00047554606
11000.0 11100.0 0.00047066825
11200.0 11300.0 0.00046579044000000003
11400.0 11500.0 0.00046091263000000004
11600.0 11700.0 0.00045603482
11800.0 11900.0 0.00045115701
12000.0 12100.0 0.0004462792
12200.0 12300.0 0.00044246161
12400.0 12500.0 0.00043864402
12600.0 12700.0 0.00043482643
12800.0 12900.0 0.00043100884
13000.0 13100.0 0.00042719125000000003
13200.0 13300.0 0.00042337366
13400.0 13500.0 0.00041955607
13600.0 13700.0 0.00041573848
13800.0 13900.0 0.00041192089
14000.0 14100.0 0.0004081033
14200.0 14300.0 0.00040500708
14400.0 14500.0 0.00040191086
14600.0 14700.0 0.00039881464
14800.0 14900.0 0.00039571842
15000.0 15100.0 0.0003926222
15200.0 15300.0 0.00038952598
15400.0 15500.0 0.00038642976
15600.0 15700.0 0.00038333354
15800.0 15900.0 0.00038023732
16000.0 16100.0 0.0003771411
16200.0 16300.0 0.00037456264
16400.0 16500.0 0.00037198418
16600.0 16700.0 0.00036940572
16800.0 16900.0 0.00036682726
17000.0 17100.0 0.0003642488
17200.0 17300.0 0.00036167033999999997
17400.0 17500.0 0.00035909188
17600.0 17700.0 0.00035651342
17800.0 17900.0 0.00035393496
18000.0 18100.0 0.0003513565
18200.0 18300.0 0.00034916499
18400.0 18500.0 0.00034697348
18600.0 18700.0 0.00034478197
18800.0 18900.0 0.00034259046
19000.0 19100.0 0.00034039895
19200.0 19300.0 0.00033820744
19400.0 19500.0 0.00033601593
19600.0 19700.0 0.00033382442
19800.0 19900.0 0.00033163291
20000.0 20100.0 0.0003294414
20200.0 20300.0 0.00032754837000000003
20400.0 20500.0 0.00032565534
20600.0 20700.0 0.00032376231
20800.0 20900.0 0.00032186928
21000.0 21100.0 0.00031997625
21200.0 21300.0 0.00031808322
21400.0 21500.0 0.00031619019
21600.0 21700.0 0.00031429716
21800.0 21900.0 0.00031240413
22000.0 22100.0 0.0003105111
22200.0 22300.0 0.00030885426
22400.0 22500.0 0.00030719742
22600.0 22700.0 0.00030554058
22800.0 22900.0 0.00030388374
23000.0 23100.0 0.00030222690000000004
23200.0 23300.0 0.00030057006000000004
23400.0 23500.0 0.00029891322000000003
23600.0 23700.0 0.00029725638000000003
23800.0 23900.0 0.00029559954
24000.0 24100.0 0.0002939427
24200.0 24300.0 0.00029247670000000003
24400.0 24500.0 0.00029101070000000004
24600.0 24700.0 0.0002895447
24800.0 24900.0 0.0002880787
25000.0 25100.0 0.0002866127
25200.0 25300.0 0.00028514670000000003
25400.0 25500.0 0.00028368070000000004
25600.0 25700.0 0.0002822147
25800.0 25900.0 0.0002807487
26000.0 26100.0 0.0002792827
26200.0 26300.0 0.00027797363
26400.0 26500.0 0.00027666456
26600.0 26700.0 0.00027535549
26800.0 26900.0 0.00027404642
27000.0 27100.0 0.00027273735
27200.0 27300.0 0.00027142828
27400.0 27500.0 0.00027011921
27600.0 27700.0 0.00026881014
27800.0 27900.0 0.00026750107
28000.0 28100.0 0.000266192
28200.0 28300.0 0.00026501388
28400.0 28500.0 0.00026383576
28600.0 28700.0 0.00026265764
28800.0 28900.0 0.00026147952
29000.0 29100.0 0.00026030140000000003
29200.0 29300.0 0.00025912328
29400.0 29500.0 0.00025794516
29600.0 29700.0 0.00025676704
29800.0 29900.0 0.00025558892
30000.0 30250.0 0.0002544108
30500.0 30750.0 0.00025191548
31000.0 31250.0 0.00024942016
31500.0 31750.0 0.00024692484
32000.0 32250.0 0.00024442952
32500.0 32750.0 0.0002419342
33000.0 33250.0 0.00023943888
33500.0 33750.0 0.00023694356
34000.0 34250.0 0.00023444824000000002
34500.0 34750.0 0.00023195292000000001
35000.0 35250.0 0.0002294576
35500.0 35750.0 0.00022744358
36000.0 36250.0 0.00022542956
36500.0 36750.0 0.00022341554
37000.0 37250.0 0.00022140152
37500.0 37750.0 0.00021938749999999999
38000.0 38250.0 0.00021737348
38500.0 38750.0 0.00021535946
39000.0 39250.0 0.00021334544
39500.0 39750.0 0.00021133142
40000.0 40250.0 0.0002093174
40500.0 40750.0 0.00020765039999999998
41000.0 41250.0 0.0002059834
41500.0 41750.0 0.0002043164
42000.0 42250.0 0.0002026494
42500.0 42750.0 0.0002009824
43000.0 43250.0 0.00019931539999999999
43500.0 43750.0 0.0001976484
44000.0 44250.0 0.0001959814
44500.0 44750.0 0.0001943144
45000.0 45250.0 0.0001926474
45500.0 45750.0 0.00019124067
46000.0 46250.0 0.00018983394
46500.0 46750.0 0.00018842721
47000.0 47250.0 0.00018702048
47500.0 47750.0 0.00018561375
48000.0 48250.0 0.00018420702
48500.0 48750.0 0.00018280029
49000.0 49250.0 0.00018139356
49500.0 49750.0 0.00017998683
50000.0 50250.0 0.0001785801
50500.0 50750.0 0.00017737463
51000.0 51250.0 0.00017616915999999998
51500.0 51750.0 0.00017496369
52000.0 52250.0 0.00017375822
52500.0 52750.0 0.00017255275
53000.0 53250.0 0.00017134728
53500.0 53750.0 0.00017014181
54000.0 54250.0 0.00016893634
54500.0 54750.0 0.00016773087
55000.0 55250.0 0.0001665254
55500.0 55750.0 0.0001654794
56000.0 56250.0 0.0001644334
56500.0 56750.0 0.0001633874
57000.0 57250.0 0.00016234139999999998
57500.0 57750.0 0.0001612954
58000.0 58250.0 0.0001602494
58500.0 58750.0 0.0001592034
59000.0 59250.0 0.0001581574
59500.0 59750.0 0.00015711139999999998
60000.0 60250.0 0.0001560654
60500.0 60750.0 0.00015514832999999998
61000.0 61250.0 0.00015423126
61500.0 61750.0 0.00015331419
62000.0 62250.0 0.00015239712
62500.0 62750.0 0.00015148005
63000.0 63250.0 0.00015056298
63500.0 63750.0 0.00014964591
64000.0 64250.0 0.00014872884
64500.0 64750.0 0.00014781177
65000.0 65250.0 0.0001468947
65500.0 65750.0 0.00014608362
66000.0 66250.0 0.00014527254
66500.0 66750.0 0.00014446146
67000.0 67250.0 0.00014365038
67500.0 67750.0 0.0001428393
68000.0 68250.0 0.00014202822
68500.0 68750.0 0.00014121714
69000.0 69250.0 0.00014040606
69500.0 69750.0 0.00013959498
70000.0 70250.0 0.0001387839
70500.0 70750.0 0.00013806118
71000.0 71250.0 0.00013733846
71500.0 71750.0 0.00013661574
72000.0 72250.0 0.00013589302
72500.0 72750.0 0.0001351703
73000.0 73250.0 0.00013444758
73500.0 73750.0 0.00013372486
74000.0 74250.0 0.00013300214
74500.0 74750.0 0.00013227942000000001
75000.0 75250.0 0.0001315567
75500.0 75750.0 0.00013090853
76000.0 76250.0 0.00013026036000000001
76500.0 76750.0 0.00012961219
77000.0 77250.0 0.00012896402
77500.0 77750.0 0.00012831585
78000.0 78250.0 0.00012766768
78500.0 78750.0 0.00012701951
79000.0 79250.0 0.00012637133999999998
79500.0 79750.0 0.00012572317
80000.0 80250.0 0.000125075
80500.0 80750.0 0.00012449038999999998
81000.0 81250.0 0.00012390578
81500.0 81750.0 0.00012332117
82000.0 82250.0 0.00012273655999999998
82500.0 82750.0 0.00012215195
83000.0 83250.0 0.00012156734
83500.0 83750.0 0.00012098273
84000.0 84250.0 0.00012039812
84500.0 84750.0 0.00011981351
85000.0 85250.0 0.0001192289
85500.0 85750.0 0.00011869899
86000.0 86250.0 0.00011816908
86500.0 86750.0 0.00011763917
87000.0 87250.0 0.00011710926
87500.0 87750.0 0.00011657935
88000.0 88250.0 0.00011604944
88500.0 88750.0 0.00011551953
89000.0 89250.0 0.00011498962
89500.0 89750.0 0.00011445971
90000.0 90250.0 0.0001139298
90500.0 90750.0 0.00011344733
91000.0 91250.0 0.00011296486
91500.0 91750.0 0.00011248239
92000.0 92250.0 0.00011199992
92500.0 92750.0 0.00011151745
93000.0 93250.0 0.00011103498
93500.0 93750.0 0.00011055251
94000.0 94250.0 0.00011007004
94500.0 94750.0 0.00010958757
95000.0 95250.0 0.0001091051
95500.0 95750.0 0.00010866407
96000.0 96250.0 0.00010822304
96500.0 96750.0 0.00010778200999999999
97000.0 97250.0 0.00010734098
97500.0 97750.0 0.00010689995
98000.0 98250.0 0.00010645892
98500.0 98750.0 0.00010601788999999999
99000.0 99250.0 0.00010557686
99500.0 99750.0 0.00010513583
100000.0 100500.0 0.0001046948
101000.0 101500.0 0.000103917838
102000.0 102500.0 0.000103140876
103000.0 103500.0 0.000102363914
104000.0 104500.0 0.000101586952
105000.0 105500.0 0.00010080998999999999
106000.0 106500.0 0.00010003302799999999
107000.0 107500.0 9.9256066e-05
108000.0 108500.0 9.8479104e-05
109000.0 109500.0 9.7702142e-05
110000.0 110500.0 9.692518e-05
111000.0 111500.0 9.626328e-05
112000.0 112500.0 9.560138e-05
113000.0 113500.0 9.493948e-05
114000.0 114500.0 9.427757999999999e-05
115000.0 115500.0 9.361568e-05
116000.0 116500.0 9.295378e-05
117000.0 117500.0 9.229188e-05
118000.0 118500.0 9.162998e-05
119000.0 119500.0 9.096807999999999e-05
120000.0 120500.0 9.030618e-05
121000.0 121500.0 8.973639e-05
122000.0 122500.0 8.91666e-05
123000.0 123500.0 8.859681e-05
124000.0 124500.0 8.802702e-05
125000.0 125500.0 8.745723e-05
126000.0 126500.0 8.688744e-05
127000.0 127500.0 8.631765e-05
128000.0 128500.0 8.574786000000001e-05
129000.0 129500.0 8.517807000000001e-05
130000.0 130500.0 8.460828e-05
131000.0 131500.0 8.4113419e-05
132000.0 132500.0 8.3618558e-05
133000.0 133500.0 8.3123697e-05
134000.0 134500.0 8.2628836e-05
135000.0 135500.0 8.2133975e-05
136000.0 136500.0 8.1639114e-05
137000.0 137500.0 8.1144253e-05
138000.0 138500.0 8.0649392e-05
139000.0 139500.0 8.0154531e-05
140000.0 140500.0 7.965967e-05
141000.0 141500.0 7.9226596e-05
142000.0 142500.0 7.8793522e-05
143000.0 143500.0 7.8360448e-05
144000.0 144500.0 7.7927374e-05
145000.0 145500.0 7.74943e-05
146000.0 146500.0 7.7061226e-05
147000.0 147500.0 7.6628152e-05
148000.0 148500.0 7.6195078e-05
149000.0 149500.0 7.576200400000001e-05
150000.0 150500.0 7.532893e-05
151000.0 151500.0 7.4947413e-05
152000.0 152500.0 7.4565896e-05
153000.0 153500.0 7.418437900000001e-05
154000.0 154500.0 7.380286200000001e-05
155000.0 155500.0 7.3421345e-05
156000.0 156500.0 7.3039828e-05
157000.0 157500.0 7.2658311e-05
158000.0 158500.0 7.227679400000001e-05
159000.0 159500.0 7.1895277e-05
160000.0 160500.0 7.151376e-05
161000.0 161500.0 7.1175703e-05
162000.0 162500.0 7.083764600000001e-05
163000.0 163500.0 7.049958900000001e-05
164000.0 164500.0 7.016153200000001e-05
165000.0 165500.0 6.9823475e-05
166000.0 166500.0 6.9485418e-05
167000.0 167500.0 6.9147361e-05
168000.0 168500.0 6.8809304e-05
169000.0 169500.0 6.8471247e-05
170000.0 170500.0 6.813319e-05
171000.0 171500.0 6.7832103e-05
172000.0 172500.0 6.7531016e-05
173000.0 173500.0 6.7229929e-05
174000.0 174500.0 6.6928842e-05
175000.0 175500.0 6.6627755e-05
176000.0 176500.0 6.6326668e-05
177000.0 177500.0 6.6025581e-05
178000.0 178500.0 6.5724494e-05
179000.0 179500.0 6.5423407e-05
180000.0 180500.0 6.512232e-05
181000.0 181500.0 6.4852933e-05
182000.0 182500.0 6.4583546e-05
183000.0 183500.0 6.4314159e-05
184000.0 184500.0 6.4044772e-05
185000.0 185500.0 6.3775385e-05
186000.0 186500.0 6.350599799999999e-05
187000.0 187500.0 6.3236611e-05
188000.0 188500.0 6.2967224e-05
189000.0 189500.0 6.2697837e-05
190000.0 190500.0 6.242845e-05
191000.0 191500.0 6.2186439e-05
192000.0 192500.0 6.1944428e-05
193000.0 193500.0 6.1702417e-05
194000.0 194500.0 6.1460406e-05
195000.0 195500.0 6.1218395e-05
196000.0 196500.0 6.0976384e-05
197000.0 197500.0 6.0734373e-05
198000.0 198500.0 6.0492362e-05
199000.0 199500.0 6.0250351e-05
200000.0 201000.0 6.000834e-05
202000.0 203000.0 5.9592718e-05
204000.0 205000.0 5.9177096e-05
206000.0 207000.0 5.8761474000000005e-05
208000.0 209000.0 5.8345852e-05
210000.0 211000.0 5.793023e-05
212000.0 213000.0 5.7514608e-05
214000.0 215000.0 5.7098986000000005e-05
216000.0 217000.0 5.6683364e-05
218000.0 219000.0 5.6267742e-05
220000.0 221000.0 5.585212e-05
222000.0 223000.0 5.5510029e-05
224000.0 225000.0 5.5167938e-05
226000.0 227000.0 5.4825847e-05
228000.0 229000.0 5.4483756e-05
230000.0 231000.0 5.4141665e-05
232000.0 233000.0 5.3799574e-05
234000.0 235000.0 5.3457483e-05
236000.0 237000.0 5.3115392e-05
238000.0 239000.0 5.2773301e-05
240000.0 241000.0 5.243121e-05
242000.0 243000.0 5.2146692e-05
244000.0 245000.0 5.1862174e-05
246000.0 247000.0 5.1577656e-05
248000.0 249000.0 5.1293138e-05
250000.0 251000.0 5.100862e-05
252000.0 253000.0 5.0724101999999997e-05
254000.0 255000.0 5.0439584e-05
256000.0 257000.0 5.0155066e-05
258000.0 259000.0 4.9870548e-05
260000.0 261000.0 4.958603e-05
262000.0 263000.0 4.9347348e-05
264000.0 265000.0 4.9108666e-05
266000.0 267000.0 4.8869984e-05
268000.0 269000.0 4.8631302e-05
270000.0 271000.0 4.8392619999999996e-05
272000.0 273000.0 4.8153938e-05
274000.0 275000.0 4.7915256e-05
276000.0 277000.0 4.7676574e-05
278000.0 279000.0 4.7437892e-05
280000.0 281000.0 4.719921e-05
282000.0 283000.0 4.6997539e-05
284000.0 285000.0 4.6795868e-05
286000.0 287000.0 4.6594197e-05
288000.0 289000.0 4.6392526000000005e-05
290000.0 291000.0 4.6190855e-05
292000.0 293000.0 4.5989184e-05
294000.0 295000.0 4.5787513000000004e-05
296000.0 297000.0 4.5585842e-05
298000.0 299000.0 4.5384171000000006e-05
300000.0 301000.0 4.51825e-05
302000.0 303000.0 4.5011084e-05
304000.0 305000.0 4.4839668e-05
306000.0 307000.0 4.4668252e-05
308000.0 309000.0 4.4496836e-05
310000.0 311000.0 4.432542e-05
312000.0 313000.0 4.4154004e-05
314000.0 315000.0 4.3982588e-05
316000.0 317000.0 4.3811172e-05
318000.0 319000.0 4.3639756e-05
320000.0 321000.0 4.346834e-05
322000.0 323000.0 4.3321923e-05
324000.0 325000.0 4.3175506e-05
326000.0 327000.0 4.3029089e-05
328000.0 329000.0 4.2882672e-05
330000.0 331000.0 4.2736255e-05
332000.0 333000.0 4.2589838e-05
334000.0 335000.0 4.2443421e-05
336000.0 337000.0 4.2297003999999996e-05
338000.0 339000.0 4.2150587e-05
340000.0 341000.0 4.200417e-05
342000.0 343000.0 4.1878604999999996e-05
344000.0 345000.0 4.175304e-05
346000.0 347000.0 4.1627475e-05
348000.0 349000.0 4.150191e-05
350000.0 351000.0 4.1376344999999995e-05
352000.0 353000.0 4.125078e-05
354000.0 355000.0 4.1125215e-05
356000.0 357000.0 4.0999649999999996e-05
358000.0 359000.0 4.0874085e-05
360000.0 361000.0 4.074852e-05
362000.0 363000.0 4.0640491e-05
364000.0 365000.0 4.0532462e-05
366000.0 367000.0 4.0424433e-05
368000.0 369000.0 4.0316404000000003e-05
370000.0 371000.0 4.0208375e-05
372000.0 373000.0 4.0100346e-05
374000.0 375000.0 3.9992317e-05
376000.0 377000.0 3.9884288e-05
378000.0 379000.0 3.9776259e-05
380000.0 381000.0 3.966823e-05
382000.0 383000.0 3.9575060000000004e-05
384000.0 385000.0 3.9481890000000005e-05
386000.0 387000.0 3.938872e-05
388000.0 389000.0 3.929555e-05
390000.0 391000.0 3.920238e-05
392000.0 393000.0 3.910921e-05
394000.0 395000.0 3.901604e-05
396000.0 397000.0 3.892287e-05
398000.0 399000.0 3.88297e-05
400000.0 401000.0 3.873653e-05
402000.0 403000.0 3.8656035e-05
404000.0 405000.0 3.857554e-05
406000.0 407000.0 3.8495045e-05
408000.0 409000.0 3.841455e-05
410000.0 411000.0 3.8334055e-05
412000.0 413000.0 3.825356e-05
414000.0 415000.0 3.8173065e-05
416000.0 417000.0 3.809257e-05
418000.0 419000.0 3.8012075e-05
420000.0 421000.0 3.793158e-05
422000.0 423000.0 3.7861958e-05
424000.0 425000.0 3.7792336e-05
426000.0 427000.0 3.7722714e-05
428000.0 429000.0 3.7653092e-05
430000.0 431000.0 3.758347e-05
432000.0 433000.0 3.7513848000000005e-05
434000.0 435000.0 3.7444226e-05
436000.0 437000.0 3.7374604000000004e-05
438000.0 439000.0 3.7304982e-05
440000.0 441000.0 3.723536e-05
442000.0 443000.0 3.7175117e-05
444000.0 445000.0 3.7114874e-05
446000.0 447000.0 3.7054631e-05
448000.0 449000.0 3.6994388e-05
450000.0 451000.0 3.6934145e-05
452000.0 453000.0 3.6873902000000005e-05
454000.0 455000.0 3.6813659000000004e-05
456000.0 457000.0 3.6753416e-05
458000.0 459000.0 3.6693173e-05
460000.0 461000.0 3.663293e-05
462000.0 463000.0 3.6580816000000004e-05
464000.0 465000.0 3.6528702e-05
466000.0 467000.0 3.6476588e-05
468000.0 469000.0 3.6424474e-05
470000.0 471000.0 3.637236e-05
472000.0 473000.0 3.6320246000000004e-05
474000.0 475000.0 3.6268132e-05
476000.0 477000.0 3.6216018e-05
478000.0 479000.0 3.6163904e-05
480000.0 481000.0 3.611179e-05
482000.0 483000.0 3.606675e-05
484000.0 485000.0 3.602171e-05
486000.0 487000.0 3.597667e-05
488000.0 489000.0 3.593163e-05
490000.0 491000.0 3.588659e-05
492000.0 493000.0 3.584155e-05
494000.0 495000.0 3.579651e-05
496000.0 497000.0 3.575147e-05
498000.0 499000.0 3.570643e-05
500000.0 502500.0 3.566139e-05
505000.0 507500.0 3.5574195e-05
510000.0 512500.0 3.5487e-05
515000.0 517500.0 3.5399805e-05
520000.0 522500.0 3.531261e-05
525000.0 527500.0 3.5225415e-05
530000.0 532500.0 3.513822e-05
535000.0 537500.0 3.5051025e-05
540000.0 542500.0 3.496383e-05
545000.0 547500.0 3.4876635e-05
550000.0 552500.0 3.478944e-05
555000.0 557500.0 3.4730431999999996e-05
560000.0 562500.0 3.4671424e-05
565000.0 567500.0 3.4612416e-05
570000.0 572500.0 3.4553408e-05
575000.0 577500.0 3.44944e-05
580000.0 582500.0 3.4435392e-05
585000.0 587500.0 3.4376384e-05
590000.0 592500.0 3.4317376e-05
595000.0 597500.0 3.4258368e-05
600000.0 602500.0 3.419936e-05
605000.0 607500.0 3.4161065e-05
610000.0 612500.0 3.412277e-05
615000.0 617500.0 3.4084475e-05
620000.0 622500.0 3.404618e-05
625000.0 627500.0 3.4007885e-05
630000.0 632500.0 3.396959e-05
635000.0 637500.0 3.3931295e-05
640000.0 642500.0 3.3892999999999996e-05
645000.0 647500.0 3.3854705e-05
650000.0 652500.0 3.381641e-05
655000.0 657500.0 3.3793516e-05
660000.0 662500.0 3.3770622e-05
665000.0 667500.0 3.3747728e-05
670000.0 672500.0 3.3724834e-05
675000.0 677500.0 3.370194e-05
680000.0 682500.0 3.3679046e-05
685000.0 687500.0 3.3656152e-05
690000.0 692500.0 3.3633258e-05
695000.0 697500.0 3.3610364e-05
700000.0 702500.0 3.358747e-05
705000.0 707500.0 3.3576115e-05
710000.0 712500.0 3.356476e-05
715000.0 717500.0 3.3553405e-05
720000.0 722500.0 3.354205e-05
725000.0 727500.0 3.3530695e-05
730000.0 732500.0 3.351934e-05
735000.0 737500.0 3.3507985e-05
740000.0 742500.0 3.349663e-05
745000.0 747500.0 3.3485275e-05
750000.0 752500.0 3.347392e-05
755000.0 757500.0 3.3471242e-05
760000.0 762500.0 3.3468564e-05
765000.0 767500.0 3.3465886e-05
770000.0 772500.0 3.3463208000000004e-05
775000.0 777500.0 3.3460530000000005e-05
780000.0 782500.0 3.3457852e-05
785000.0 787500.0 3.3455174e-05
790000.0 792500.0 3.3452496e-05
795000.0 797500.0 3.3449818e-05
800000.0 802500.0 3.344714e-05
805000.0 807500.0 3.3450981000000003e-05
810000.0 812500.0 3.3454822000000004e-05
815000.0 817500.0 3.3458663000000004e-05
820000.0 822500.0 3.3462504000000005e-05
825000.0 827500.0 3.3466345e-05
830000.0 832500.0 3.3470186e-05
835000.0 837500.0 3.3474027e-05
840000.0 842500.0 3.3477868e-05
845000.0 847500.0 3.3481709e-05
850000.0 852500.0 3.348555e-05
855000.0 857500.0 3.3494265e-05
860000.0 862500.0 3.350298e-05
865000.0 867500.0 3.3511695e-05
870000.0 872500.0 3.352041e-05
875000.0 877500.0 3.3529125e-05
880000.0 882500.0 3.353784e-05
885000.0 887500.0 3.3546555e-05
890000.0 892500.0 3.355527e-05
895000.0 897500.0 3.3563985e-05
900000.0 902500.0 3.35727e-05
905000.0 907500.0 3.3585018e-05
910000.0 912500.0 3.3597335999999996e-05
915000.0 917500.0 3.3609654e-05
920000.0 922500.0 3.3621972e-05
925000.0 927500.0 3.3634290000000004e-05
930000.0 932500.0 3.3646608e-05
935000.0 937500.0 3.3658926e-05
940000.0 942500.0 3.3671244000000004e-05
945000.0 947500.0 3.3683562e-05
950000.0 952500.0 3.369588e-05
955000.0 957500.0 3.3710811e-05
960000.0 962500.0 3.3725742e-05
965000.0 967500.0 3.3740673e-05
970000.0 972500.0 3.3755604000000004e-05
975000.0 977500.0 3.3770535e-05
980000.0 982500.0 3.3785466e-05
985000.0 987500.0 3.3800397e-05
990000.0 992500.0 3.3815328e-05
995000.0 997500.0 3.3830259e-05
1000000.0 1005000.0 3.384519e-05
1010000.0 1015000.0 3.3879954e-05
1020000.0 1025000.0 3.3914718e-05
1030000.0 1035000.0 3.3949481999999995e-05
1040000.0 1045000.0 3.3984246e-05
1050000.0 1055000.0 3.401901e-05
1060000.0 1065000.0 3.4053774e-05
1070000.0 1075000.0 3.4088537999999995e-05
1080000.0 1085000.0 3.4123302e-05
1090000.0 1095000.0 3.4158066e-05
1100000.0 1105000.0 3.419283e-05
1110000.0 1115000.0 3.4230664e-05
1120000.0 1125000.0 3.4268498e-05
1130000.0 1135000.0 3.4306332e-05
1140000.0 1145000.0 3.4344166e-05
1150000.0 1155000.0 3.4382e-05
1160000.0 1165000.0 3.4419834e-05
1170000.0 1175000.0 3.4457668e-05
1180000.0 1185000.0 3.4495502e-05
1190000.0 1195000.0 3.4533336e-05
1200000.0 1205000.0 3.457117e-05
1210000.0 1215000.0 3.4609294000000004e-05
1220000.0 1225000.0 3.4647418000000006e-05
1230000.0 1235000.0 3.4685542e-05
1240000.0 1245000.0 3.4723666e-05
1250000.0 1255000.0 3.476179e-05
1260000.0 1265000.0 3.4799914000000004e-05
1270000.0 1275000.0 3.4838038000000005e-05
1280000.0 1285000.0 3.4876162e-05
1290000.0 1295000.0 3.4914286e-05
1300000.0 1305000.0 3.495241e-05
1310000.0 1315000.0 3.4989093e-05
1320000.0 1325000.0 3.5025776e-05
1330000.0 1335000.0 3.5062459e-05
1340000.0 1345000.0 3.5099142e-05
1350000.0 1355000.0 3.5135825000000005e-05
1360000.0 1365000.0 3.5172508000000004e-05
1370000.0 1375000.0 3.5209191000000004e-05
1380000.0 1385000.0 3.5245874e-05
1390000.0 1395000.0 3.5282557e-05
1400000.0 1405000.0 3.531924e-05
1410000.0 1415000.0 3.5353436000000005e-05
1420000.0 1425000.0 3.5387632e-05
1430000.0 1435000.0 3.5421828e-05
1440000.0 1445000.0 3.5456024e-05
1450000.0 1455000.0 3.549022e-05
1460000.0 1465000.0 3.5524416e-05
1470000.0 1475000.0 3.5558611999999995e-05
1480000.0 1485000.0 3.5592808e-05
1490000.0 1495000.0 3.5627004e-05
1500000.0 1505000.0 3.56612e-05
1510000.0 1515000.0 3.569231e-05
1520000.0 1525000.0 3.572342e-05
1530000.0 1535000.0 3.575453e-05
1540000.0 1545000.0 3.578564e-05
1550000.0 1555000.0 3.5816749999999996e-05
1560000.0 1565000.0 3.584786e-05
1570000.0 1575000.0 3.587897e-05
1580000.0 1585000.0 3.591008e-05
1590000.0 1595000.0 3.594119e-05
1600000.0 1605000.0 3.59723e-05
1610000.0 1615000.0 3.600003e-05
1620000.0 1625000.0 3.602776e-05
1630000.0 1635000.0 3.605549e-05
1640000.0 1645000.0 3.608322e-05
1650000.0 1655000.0 3.6110950000000004e-05
1660000.0 1665000.0 3.613868e-05
1670000.0 1675000.0 3.616641e-05
1680000.0 1685000.0 3.619414e-05
1690000.0 1695000.0 3.622187e-05
1700000.0 1705000.0 3.62496e-05
1710000.0 1715000.0 3.6273856e-05
1720000.0 1725000.0 3.6298112e-05
1730000.0 1735000.0 3.6322368e-05
1740000.0 1745000.0 3.6346624e-05
1750000.0 1755000.0 3.637088e-05
1760000.0 1765000.0 3.6395136e-05
1770000.0 1775000.0 3.6419392e-05
1780000.0 1785000.0 3.6443648e-05
1790000.0 1795000.0 3.6467904e-05
1800000.0 1805000.0 3.649216e-05
1810000.0 1815000.0 3.6512978e-05
1820000.0 1825000.0 3.6533796e-05
1830000.0 1835000.0 3.6554614e-05
1840000.0 1845000.0 3.6575432e-05
1850000.0 1855000.0 3.6596250000000004e-05
1860000.0 1865000.0 3.6617068e-05
1870000.0 1875000.0 3.6637886e-05
1880000.0 1885000.0 3.6658704e-05
1890000.0 1895000.0 3.6679522e-05
1900000.0 1905000.0 3.670034e-05
1910000.0 1915000.0 3.6717847e-05
1920000.0 1925000.0 3.6735354e-05
1930000.0 1935000.0 3.6752861e-05
1940000.0 1945000.0 3.6770368e-05
1950000.0 1955000.0 3.6787875e-05
1960000.0 1965000.0 3.6805381999999996e-05
1970000.0 1975000.0 3.6822889e-05
1980000.0 1985000.0 3.6840395999999996e-05
1990000.0 1995000.0 3.6857903e-05
2000000.0 2010000.0 3.687541e-05
2020000.0 2030000.0 3.6901239e-05
2040000.0 2050000.0 3.6927068e-05
2060000.0 2070000.0 3.6952896999999995e-05
2080000.0 2090000.0 3.6978725999999997e-05
2100000.0 2110000.0 3.7004555e-05
2120000.0 2130000.0 3.7030384e-05
2140000.0 2150000.0 3.7056213e-05
2160000.0 2170000.0 3.7082041999999997e-05
2180000.0 2190000.0 3.7107871e-05
2200000.0 2210000.0 3.71337e-05
2220000.0 2230000.0 3.7148749e-05
2240000.0 2250000.0 3.7163798e-05
2260000.0 2270000.0 3.7178847e-05
2280000.0 2290000.0 3.7193896e-05
2300000.0 2310000.0 3.7208945e-05
2320000.0 2330000.0 3.7223994e-05
2340000.0 2350000.0 3.7239043e-05
2360000.0 2370000.0 3.7254092e-05
2380000.0 2390000.0 3.7269141e-05
2400000.0 2410000.0 3.728419e-05
2420000.0 2430000.0 3.7290278e-05
2440000.0 2450000.0 3.7296366e-05
2460000.0 2470000.0 3.7302454e-05
2480000.0 2490000.0 3.7308542e-05
2500000.0 2510000.0 3.731463e-05
2520000.0 2530000.0 3.7320718e-05
2540000.0 2550000.0 3.7326806e-05
2560000.0 2570000.0 3.7332894e-05
2580000.0 2590000.0 3.7338982e-05
2600000.0 2610000.0 3.734507e-05
2620000.0 2630000.0 3.7343903e-05
2640000.0 2650000.0 3.7342736e-05
2660000.0 2670000.0 3.7341569e-05
2680000.0 2690000.0 3.7340402e-05
2700000.0 2710000.0 3.7339235e-05
2720000.0 2730000.0 3.7338068e-05
2740000.0 2750000.0 3.7336901e-05
2760000.0 2770000.0 3.7335733999999995e-05
2780000.0 2790000.0 3.7334566999999996e-05
2800000.0 2810000.0 3.73334e-05
2820000.0 2830000.0 3.7326482e-05
2840000.0 2850000.0 3.7319563999999996e-05
2860000.0 2870000.0 3.7312646e-05
2880000.0 2890000.0 3.7305728e-05
2900000.0 2910000.0 3.729881e-05
2920000.0 2930000.0 3.7291892e-05
2940000.0 2950000.0 3.7284974e-05
2960000.0 2970000.0 3.7278056000000004e-05
2980000.0 2990000.0 3.7271138e-05
3000000.0 3010000.0 3.726422e-05
3020000.0 3030000.0 3.7252834e-05
3040000.0 3050000.0 3.7241448000000004e-05
3060000.0 3070000.0 3.7230062000000004e-05
3080000.0 3090000.0 3.7218676000000004e-05
3100000.0 3110000.0 3.7207290000000005e-05
3120000.0 3130000.0 3.7195904e-05
3140000.0 3150000.0 3.7184518e-05
3160000.0 3170000.0 3.7173132e-05
3180000.0 3190000.0 3.7161746e-05
3200000.0 3210000.0 3.715036e-05
3220000.0 3230000.0 3.7135571e-05
3240000.0 3250000.0 3.7120782e-05
3260000.0 3270000.0 3.7105993e-05
3280000.0 3290000.0 3.7091204e-05
3300000.0 3310000.0 3.7076415000000004e-05
3320000.0 3330000.0 3.7061626e-05
3340000.0 3350000.0 3.7046837e-05
3360000.0 3370000.0 3.7032048e-05
3380000.0 3390000.0 3.7017259e-05
3400000.0 3410000.0 3.700247e-05
3420000.0 3430000.0 3.6985152e-05
3440000.0 3450000.0 3.6967834e-05
3460000.0 3470000.0 3.6950516e-05
3480000.0 3490000.0 3.6933198e-05
3500000.0 3510000.0 3.691588e-05
3520000.0 3530000.0 3.6898562e-05
3540000.0 3550000.0 3.6881244e-05
3560000.0 3570000.0 3.6863926e-05
3580000.0 3590000.0 3.6846608e-05
3600000.0 3610000.0 3.682929e-05
3620000.0 3630000.0 3.6810146e-05
3640000.0 3650000.0 3.6791002e-05
3660000.0 3670000.0 3.6771858000000005e-05
3680000.0 3690000.0 3.6752714e-05
3700000.0 3710000.0 3.673357e-05
3720000.0 3730000.0 3.6714426e-05
3740000.0 3750000.0 3.6695282e-05
3760000.0 3770000.0 3.6676138000000003e-05
3780000.0 3790000.0 3.6656994e-05
3800000.0 3810000.0 3.663785e-05
3820000.0 3830000.0 3.6617445e-05
3840000.0 3850000.0 3.659704e-05
3860000.0 3870000.0 3.6576635e-05
3880000.0 3890000.0 3.6556229999999996e-05
3900000.0 3910000.0 3.6535825e-05
3920000.0 3930000.0 3.651542e-05
3940000.0 3950000.0 3.6495014999999996e-05
3960000.0 3970000.0 3.647461e-05
3980000.0 3990000.0 3.6454204999999994e-05
4000000.0 4010000.0 3.64338e-05
4020000.0 4030000.0 3.6412581999999995e-05
4040000.0 4050000.0 3.6391364e-05
4060000.0 4070000.0 3.6370146e-05
4080000.0 4090000.0 3.6348928e-05
4100000.0 4110000.0 3.632771e-05
4120000.0 4130000.0 3.6306492e-05
4140000.0 4150000.0 3.6285274e-05
4160000.0 4170000.0 3.6264056e-05
4180000.0 4190000.0 3.6242838e-05
4200000.0 4210000.0 3.622162e-05
4220000.0 4230000.0 3.619994e-05
4240000.0 4250000.0 3.617826e-05
4260000.0 4270000.0 3.615658e-05
4280000.0 4290000.0 3.61349e-05
4300000.0 4310000.0 3.611322e-05
4320000.0 4330000.0 3.609154e-05
4340000.0 4350000.0 3.606986e-05
4360000.0 4370000.0 3.604818e-05
4380000.0 4390000.0 3.60265e-05
4400000.0 4410000.0 3.600482e-05
4420000.0 4430000.0 3.5982951e-05
4440000.0 4450000.0 3.5961082e-05
4460000.0 4470000.0 3.5939213e-05
4480000.0 4490000.0 3.5917344e-05
4500000.0 4510000.0 3.5895475e-05
4520000.0 4530000.0 3.5873606e-05
4540000.0 4550000.0 3.5851737e-05
4560000.0 4570000.0 3.5829868e-05
4580000.0 4590000.0 3.5807999000000004e-05
4600000.0 4610000.0 3.578613e-05
4620000.0 4630000.0 3.5764286e-05
4640000.0 4650000.0 3.5742442e-05
4660000.0 4670000.0 3.5720598e-05
4680000.0 4690000.0 3.5698754e-05
4700000.0 4710000.0 3.5676910000000005e-05
4720000.0 4730000.0 3.5655066000000004e-05
4740000.0 4750000.0 3.5633222e-05
4760000.0 4770000.0 3.5611378e-05
4780000.0 4790000.0 3.5589534e-05
4800000.0 4810000.0 3.556769e-05
4820000.0 4830000.0 3.5546030000000004e-05
4840000.0 4850000.0 3.552437e-05
4860000.0 4870000.0 3.550271e-05
4880000.0 4890000.0 3.548105e-05
4900000.0 4910000.0 3.545939e-05
4920000.0 4930000.0 3.543773e-05
4940000.0 4950000.0 3.541607e-05
4960000.0 4970000.0 3.539441e-05
4980000.0 4990000.0 3.537275e-05
5000000.0 5010000.0 3.535109e-05
5020000.0 5030000.0 3.5329736e-05
5040000.0 5050000.0 3.5308382e-05
5060000.0 5070000.0 3.5287028e-05
5080000.0 5090000.0 3.5265674e-05
5100000.0 5110000.0 3.524432e-05
5120000.0 5130000.0 3.5222966e-05
5140000.0 5150000.0 3.5201612e-05
5160000.0 5170000.0 3.5180258e-05
5180000.0 5190000.0 3.5158904e-05
5200000.0 5210000.0 3.513755e-05
5220000.0 5230000.0 3.5116591e-05
5240000.0 5250000.0 3.5095632e-05
5260000.0 5270000.0 3.5074673e-05
5280000.0 5290000.0 3.5053714e-05
5300000.0 5310000.0 3.5032755e-05
5320000.0 5330000.0 3.5011796e-05
5340000.0 5350000.0 3.4990837e-05
5360000.0 5370000.0 3.4969878e-05
5380000.0 5390000.0 3.4948919e-05
5400000.0 5410000.0 3.492796e-05
5420000.0 5430000.0 3.490746e-05
5440000.0 5450000.0 3.488696e-05
5460000.0 5470000.0 3.486646e-05
5480000.0 5490000.0 3.4845959999999995e-05
5500000.0 5510000.0 3.482546e-05
5520000.0 5530000.0 3.480496e-05
5540000.0 5550000.0 3.4784459999999996e-05
5560000.0 5570000.0 3.476396e-05
5580000.0 5590000.0 3.4743459999999994e-05
5600000.0 5610000.0 3.472296e-05
5620000.0 5630000.0 3.4702962999999995e-05
5640000.0 5650000.0 3.4682966e-05
5660000.0 5670000.0 3.4662969e-05
5680000.0 5690000.0 3.4642972e-05
5700000.0 5710000.0 3.4622974999999995e-05
5720000.0 5730000.0 3.4602978e-05
5740000.0 5750000.0 3.4582981e-05
5760000.0 5770000.0 3.4562984e-05
5780000.0 5790000.0 3.4542987e-05
5800000.0 5810000.0 3.452299e-05
5820000.0 5830000.0 3.4503524e-05
5840000.0 5850000.0 3.4484058e-05
5860000.0 5870000.0 3.4464592e-05
5880000.0 5890000.0 3.4445126e-05
5900000.0 5910000.0 3.442566e-05
5920000.0 5930000.0 3.4406194e-05
5940000.0 5950000.0 3.4386728e-05
5960000.0 5970000.0 3.4367261999999995e-05
5980000.0 5990000.0 3.4347796e-05
6000000.0 6010000.0 3.432833e-05
6020000.0 6030000.0 3.4309409e-05
6040000.0 6050000.0 3.4290488e-05
6060000.0 6070000.0 3.4271566999999995e-05
6080000.0 6090000.0 3.4252646e-05
6100000.0 6110000.0 3.4233725e-05
6120000.0 6130000.0 3.4214804e-05
6140000.0 6150000.0 3.4195883e-05
6160000.0 6170000.0 3.4176962e-05
6180000.0 6190000.0 3.4158041e-05
6200000.0 6210000.0 3.413912e-05
6220000.0 6230000.0 3.4120752e-05
6240000.0 6250000.0 3.4102384000000004e-05
6260000.0 6270000.0 3.4084016e-05
6280000.0 6290000.0 3.4065648e-05
6300000.0 6310000.0 3.404728e-05
6320000.0 6330000.0 3.4028912e-05
6340000.0 6350000.0 3.4010544e-05
6360000.0 6370000.0 3.3992176e-05
6380000.0 6390000.0 3.3973808e-05
6400000.0 6410000.0 3.395544e-05
6420000.0 6430000.0 3.3937621e-05
6440000.0 6450000.0 3.3919802e-05
6460000.0 6470000.0 3.3901983e-05
6480000.0 6490000.0 3.3884164e-05
6500000.0 6510000.0 3.3866345e-05
6520000.0 6530000.0 3.3848526000000004e-05
6540000.0 6550000.0 3.3830707e-05
6560000.0 6570000.0 3.3812888e-05
6580000.0 6590000.0 3.3795069e-05
6600000.0 6610000.0 3.377725e-05
6620000.0 6630000.0 3.3759975e-05
6640000.0 6650000.0 3.3742700000000005e-05
6660000.0 6670000.0 3.3725425e-05
6680000.0 6690000.0 3.370815e-05
6700000.0 6710000.0 3.3690875e-05
6720000.0 6730000.0 3.36736e-05
6740000.0 6750000.0 3.3656325e-05
6760000.0 6770000.0 3.363905e-05
6780000.0 6790000.0 3.3621775e-05
6800000.0 6810000.0 3.36045e-05
6820000.0 6830000.0 3.3587757e-05
6840000.0 6850000.0 3.3571014e-05
6860000.0 6870000.0 3.3554271e-05
6880000.0 6890000.0 3.3537528e-05
6900000.0 6910000.0 3.3520785e-05
6920000.0 6930000.0 3.3504042e-05
6940000.0 6950000.0 3.3487299e-05
6960000.0 6970000.0 3.3470556e-05
6980000.0 6990000.0 3.3453813e-05
7000000.0 7025000.0 3.343707e-05
7050000.0 7075000.0 3.3397433e-05
7100000.0 7125000.0 3.3357796e-05
7150000.0 7175000.0 3.3318159e-05
7200000.0 7225000.0 3.3278522e-05
7250000.0 7275000.0 3.3238885e-05
7300000.0 7325000.0 3.3199248e-05
7350000.0 7375000.0 3.3159611e-05
7400000.0 7425000.0 3.3119974e-05
7450000.0 7475000.0 3.3080337e-05
7500000.0 7525000.0 3.30407e-05
7550000.0 7575000.0 3.3004005e-05
7600000.0 7625000.0 3.296731e-05
7650000.0 7675000.0 3.2930615e-05
7700000.0 7725000.0 3.289392e-05
7750000.0 7775000.0 3.2857224999999996e-05
7800000.0 7825000.0 3.282053e-05
7850000.0 7875000.0 3.2783835e-05
7900000.0 7925000.0 3.274714e-05
7950000.0 7975000.0 3.2710445e-05
8000000.0 8025000.0 3.267375e-05
8050000.0 8075000.0 3.2639682e-05
8100000.0 8125000.0 3.2605614e-05
8150000.0 8175000.0 3.2571546000000004e-05
8200000.0 8225000.0 3.2537478000000005e-05
8250000.0 8275000.0 3.250341e-05
8300000.0 8325000.0 3.2469342e-05
8350000.0 8375000.0 3.2435274e-05
8400000.0 8425000.0 3.2401206e-05
8450000.0 8475000.0 3.2367138e-05
8500000.0 8525000.0 3.233307e-05
8550000.0 8575000.0 3.2301308000000004e-05
8600000.0 8625000.0 3.2269546e-05
8650000.0 8675000.0 3.2237784e-05
8700000.0 8725000.0 3.2206022e-05
8750000.0 8775000.0 3.217426e-05
8800000.0 8825000.0 3.2142498e-05
8850000.0 8875000.0 3.2110736e-05
8900000.0 8925000.0 3.2078974000000005e-05
8950000.0 8975000.0 3.2047212e-05
9000000.0 9025000.0 3.201545e-05
9050000.0 9075000.0 3.1985692e-05
9100000.0 9125000.0 3.1955934e-05
9150000.0 9175000.0 3.1926176e-05
9200000.0 9225000.0 3.1896418000000004e-05
9250000.0 9275000.0 3.186666e-05
9300000.0 9325000.0 3.1836902e-05
9350000.0 9375000.0 3.1807144e-05
9400000.0 9425000.0 3.1777386e-05
9450000.0 9475000.0 3.1747628000000004e-05
9500000.0 9525000.0 3.171787e-05
9550000.0 9575000.0 3.1689837000000004e-05
9600000.0 9625000.0 3.1661804e-05
9650000.0 9675000.0 3.1633771e-05
9700000.0 9725000.0 3.1605738e-05
9750000.0 9775000.0 3.1577705e-05
9800000.0 9825000.0 3.1549672000000004e-05
9850000.0 9875000.0 3.1521639e-05
9900000.0 9925000.0 3.1493606e-05
9950000.0 9975000.0 3.1465573e-05
10000000.0 10025000.0 3.143754e-05
10050000.0 10075000.0 3.1410978e-05
10100000.0 10125000.0 3.1384416e-05
10150000.0 10175000.0 3.1357854e-05
10200000.0 10225000.0 3.1331292e-05
10250000.0 10275000.0 3.130473e-05
10300000.0 10325000.0 3.1278168e-05
10350000.0 10375000.0 3.1251606e-05
10400000.0 10425000.0 3.1225044e-05
10450000.0 10475000.0 3.1198482e-05
10500000.0 10525000.0 3.117192e-05
10550000.0 10575000.0 3.1146605e-05
10600000.0 10625000.0 3.112129e-05
10650000.0 10675000.0 3.1095975e-05
10700000.0 10725000.0 3.107066e-05
10750000.0 10775000.0 3.1045345e-05
10800000.0 10825000.0 3.102003e-05
10850000.0 10875000.0 3.0994715e-05
10900000.0 10925000.0 3.0969399999999995e-05
10950000.0 10975000.0 3.0944085e-05
11000000.0 11025000.0 3.091877e-05
11050000.0 11075000.0 3.0894502e-05
11100000.0 11125000.0 3.0870234e-05
11150000.0 11175000.0 3.0845965999999996e-05
11200000.0 11225000.0 3.0821698e-05
11250000.0 11275000.0 3.079743e-05
11300000.0 11325000.0 3.0773162e-05
11350000.0 11375000.0 3.0748894e-05
11400000.0 11425000.0 3.0724626e-05
11450000.0 11475000.0 3.0700358e-05
11500000.0 11525000.0 3.067609e-05
11550000.0 11575000.0 3.0652695000000005e-05
11600000.0 11625000.0 3.06293e-05
11650000.0 11675000.0 3.0605905e-05
11700000.0 11725000.0 3.058251e-05
11750000.0 11775000.0 3.0559115e-05
11800000.0 11825000.0 3.053572e-05
11850000.0 11875000.0 3.0512325e-05
11900000.0 11925000.0 3.048893e-05
11950000.0 11975000.0 3.0465535e-05
12000000.0 12025000.0 3.044214e-05
12050000.0 12075000.0 3.0419466e-05
12100000.0 12125000.0 3.0396792e-05
12150000.0 12175000.0 3.0374118e-05
12200000.0 12225000.0 3.0351444e-05
12250000.0 12275000.0 3.0328769999999998e-05
12300000.0 12325000.0 3.0306096e-05
12350000.0 12375000.0 3.0283422e-05
12400000.0 12425000.0 3.0260747999999998e-05
12450000.0 12475000.0 3.0238074e-05
12500000.0 12525000.0 3.02154e-05
12550000.0 12575000.0 3.0193315e-05
12600000.0 12625000.0 3.017123e-05
12650000.0 12675000.0 3.0149145e-05
12700000.0 12725000.0 3.012706e-05
12750000.0 12775000.0 3.0104975e-05
12800000.0 12825000.0 3.008289e-05
12850000.0 12875000.0 3.0060805e-05
12900000.0 12925000.0 3.003872e-05
12950000.0 12975000.0 3.0016635e-05
13000000.0 13025000.0 2.999455e-05
13050000.0 13075000.0 2.997294e-05
13100000.0 13125000.0 2.9951329999999998e-05
13150000.0 13175000.0 2.992972e-05
13200000.0 13225000.0 2.990811e-05
13250000.0 13275000.0 2.98865e-05
13300000.0 13325000.0 2.986489e-05
13350000.0 13375000.0 2.9843279999999998e-05
13400000.0 13425000.0 2.982167e-05
13450000.0 13475000.0 2.980006e-05
13500000.0 13525000.0 2.977845e-05
13550000.0 13575000.0 2.9757216e-05
13600000.0 13625000.0 2.9735982e-05
13650000.0 13675000.0 2.9714748e-05
13700000.0 13725000.0 2.9693513999999998e-05
13750000.0 13775000.0 2.967228e-05
13800000.0 13825000.0 2.9651046e-05
13850000.0 13875000.0 2.9629811999999998e-05
13900000.0 13925000.0 2.9608578e-05
13950000.0 13975000.0 2.9587343999999997e-05
14000000.0 14025000.0 2.956611e-05
14050000.0 14075000.0 2.9545168999999998e-05
14100000.0 14125000.0 2.9524227999999998e-05
14150000.0 14175000.0 2.9503287e-05
14200000.0 14225000.0 2.9482346e-05
14250000.0 14275000.0 2.9461405e-05
14300000.0 14325000.0 2.9440464e-05
14350000.0 14375000.0 2.9419522999999998e-05
14400000.0 14425000.0 2.9398582e-05
14450000.0 14475000.0 2.9377641e-05
14500000.0 14525000.0 2.93567e-05
14550000.0 14575000.0 2.9335981e-05
14600000.0 14625000.0 2.9315262e-05
14650000.0 14675000.0 2.9294543e-05
14700000.0 14725000.0 2.9273824e-05
14750000.0 14775000.0 2.9253105e-05
14800000.0 14825000.0 2.9232386e-05
14850000.0 14875000.0 2.9211667e-05
14900000.0 14925000.0 2.9190948e-05
14950000.0 14975000.0 2.9170229e-05
15000000.0 15025000.0 2.914951e-05
15050000.0 15075000.0 2.9128952e-05
15100000.0 15125000.0 2.9108394e-05
15150000.0 15175000.0 2.9087836e-05
15200000.0 15225000.0 2.9067278000000002e-05
15250000.0 15275000.0 2.9046720000000002e-05
15300000.0 15325000.0 2.9026162e-05
15350000.0 15375000.0 2.9005604e-05
15400000.0 15425000.0 2.8985046e-05
15450000.0 15475000.0 2.8964488e-05
15500000.0 15525000.0 2.894393e-05
15550000.0 15575000.0 2.8923483000000002e-05
15600000.0 15625000.0 2.8903036e-05
15650000.0 15675000.0 2.8882589e-05
15700000.0 15725000.0 2.8862142e-05
15750000.0 15775000.0 2.8841694999999998e-05
15800000.0 15825000.0 2.8821248e-05
15850000.0 15875000.0 2.8800801e-05
15900000.0 15925000.0 2.8780354e-05
15950000.0 15975000.0 2.8759906999999998e-05
16000000.0 16025000.0 2.873946e-05
16050000.0 16075000.0 2.8719082999999998e-05
16100000.0 16125000.0 2.8698706e-05
16150000.0 16175000.0 2.8678329e-05
16200000.0 16225000.0 2.8657952e-05
16250000.0 16275000.0 2.8637575e-05
16300000.0 16325000.0 2.8617198e-05
16350000.0 16375000.0 2.8596821e-05
16400000.0 16425000.0 2.8576444e-05
16450000.0 16475000.0 2.8556067000000002e-05
16500000.0 16525000.0 2.853569e-05
16550000.0 16575000.0 2.8515348000000003e-05
16600000.0 16625000.0 2.8495006e-05
16650000.0 16675000.0 2.8474664000000002e-05
16700000.0 16725000.0 2.8454322e-05
16750000.0 16775000.0 2.843398e-05
16800000.0 16825000.0 2.8413638000000002e-05
16850000.0 16875000.0 2.8393296e-05
16900000.0 16925000.0 2.8372954000000002e-05
16950000.0 16975000.0 2.8352612e-05
17000000.0 17025000.0 2.833227e-05
17050000.0 17075000.0 2.8311937e-05
17100000.0 17125000.0 2.8291604e-05
17150000.0 17175000.0 2.8271271000000002e-05
17200000.0 17225000.0 2.8250938e-05
17250000.0 17275000.0 2.8230605e-05
17300000.0 17325000.0 2.8210272e-05
17350000.0 17375000.0 2.8189939e-05
17400000.0 17425000.0 2.8169606000000002e-05
17450000.0 17475000.0 2.8149273e-05
17500000.0 17525000.0 2.812894e-05
17550000.0 17575000.0 2.8108594e-05
17600000.0 17625000.0 2.8088248e-05
17650000.0 17675000.0 2.8067902e-05
17700000.0 17725000.0 2.8047556000000002e-05
17750000.0 17775000.0 2.8027210000000002e-05
17800000.0 17825000.0 2.8006864e-05
17850000.0 17875000.0 2.7986518e-05
17900000.0 17925000.0 2.7966172e-05
17950000.0 17975000.0 2.7945826e-05
18000000.0 18025000.0 2.792548e-05
18050000.0 18075000.0 2.7905106e-05
18100000.0 18125000.0 2.7884732000000002e-05
18150000.0 18175000.0 2.7864358e-05
18200000.0 18225000.0 2.7843984e-05
18250000.0 18275000.0 2.782361e-05
18300000.0 18325000.0 2.7803236e-05
18350000.0 18375000.0 2.7782862e-05
18400000.0 18425000.0 2.7762487999999998e-05
18450000.0 18475000.0 2.7742113999999998e-05
18500000.0 18525000.0 2.772174e-05
18550000.0 18575000.0 2.7701327e-05
18600000.0 18625000.0 2.7680914e-05
18650000.0 18675000.0 2.7660501e-05
18700000.0 18725000.0 2.7640088e-05
18750000.0 18775000.0 2.7619675e-05
18800000.0 18825000.0 2.7599261999999998e-05
18850000.0 18875000.0 2.7578848999999998e-05
18900000.0 18925000.0 2.7558436e-05
18950000.0 18975000.0 2.7538023e-05
19000000.0 19025000.0 2.751761e-05
19050000.0 19075000.0 2.749715e-05
19100000.0 19125000.0 2.747669e-05
19150000.0 19175000.0 2.745623e-05
19200000.0 19225000.0 2.743577e-05
19250000.0 19275000.0 2.7415310000000002e-05
19300000.0 19325000.0 2.739485e-05
19350000.0 19375000.0 2.737439e-05
19400000.0 19425000.0 2.735393e-05
19450000.0 19475000.0 2.7333470000000003e-05
19500000.0 19525000.0 2.731301e-05
19550000.0 19575000.0 2.7292501000000003e-05
19600000.0 19625000.0 2.7271992e-05
19650000.0 19675000.0 2.7251483000000002e-05
19700000.0 19725000.0 2.7230974e-05
19750000.0 19775000.0 2.7210465e-05
19800000.0 19825000.0 2.7189956000000002e-05
19850000.0 19875000.0 2.7169447e-05
19900000.0 19925000.0 2.7148938e-05
19950000.0 19975000.0 2.7128429e-05